#step e_adh e_adh_nonbond
0 -276.013	-275.953
100000 -713.527	-274.217
200000 -690.532	-281.751
300000 -715.135	-266.021
400000 -692.114	-285.193
500000 -712.47	-276.336
600000 -789.333	-254.57
700000 -852.673	-255.859
800000 -839.324	-256.183
900000 -866.8	-243.026
1000000 -842.795	-255.748
1100000 -841.801	-251.171
1200000 -868.985	-246.597
1300000 -878.068	-252.467
1400000 -855.872	-247.251
1500000 -871.934	-239.483
1600000 -843.406	-249.044
1700000 -830.572	-252.823
1800000 -836.464	-258.923
1900000 -863.532	-251.518
2000000 -878.628	-243.435
2100000 -873.406	-254.245
2200000 -848.295	-257.752
2300000 -877.76	-266.865
2400000 -845.854	-245.011
2500000 -857.714	-255.885
2600000 -857.657	-252.981
2700000 -846.325	-246.22
2800000 -855.786	-266.223
2900000 -861.676	-249.754
3000000 -860.504	-251.763
3100000 -848.872	-254.494
3200000 -889.735	-245.81
3300000 -871.735	-265.089
3400000 -870.49	-246.416
3500000 -841.027	-253.61
3600000 -875.194	-262.303
