#step e_adh e_adh_nonbond
0 -2379.45	-2379.45
100000 -7819.66	-1642.17
200000 -7839.08	-1626.89
300000 -7842	-1650.83
400000 -7860.12	-1609.79
500000 -7864.13	-1618.56
600000 -7875.57	-1627.41
700000 -7891.17	-1601.53
800000 -7807.8	-1640.2
900000 -7832.13	-1623.64
1000000 -7901.12	-1644.15
1100000 -7878.58	-1614.35
1200000 -7815.87	-1661.3
1300000 -7887.39	-1627.45
1400000 -7838.95	-1592.64
1500000 -7867.76	-1677.6
1600000 -7940.68	-1599.3
1700000 -7925.31	-1552.17
1800000 -7856.44	-1600.83
1900000 -7939.68	-1618.62
2000000 -7889.5	-1603.57
2100000 -7853.43	-1631.57
2200000 -7889.96	-1593.82
2300000 -7902.29	-1616.69
2400000 -7881.81	-1640.72
