#step e_adh e_adh_nonbond
0 -2558.49	-2558.5
100000 -5280.98	-2551.63
200000 -5597.2	-2479.89
300000 -6248.82	-2372.47
400000 -6328.03	-2358.81
500000 -6380.79	-2353.69
600000 -6423.74	-2297.49
700000 -6464.86	-2328.01
800000 -6746.64	-2252.07
900000 -6755.27	-2226.37
1000000 -6914.85	-2233.96
1100000 -7194.9	-2175.86
1200000 -7171.19	-2195.86
1300000 -7184.95	-2176.31
1400000 -7312.76	-2167.43
1500000 -7373.69	-2144.75
1600000 -7384.46	-2132.93
1700000 -7438.98	-2163.01
1800000 -7443.79	-2133.26
1900000 -7498.16	-2124.79
2000000 -7499.95	-2133.61
2100000 -7409.67	-2162.2
2200000 -7475.45	-2115.68
2300000 -7487.51	-2116.92
2400000 -7667.89	-2127.35
2500000 -7743.27	-2127.2
2600000 -7780.2	-2069.55
2700000 -7629.33	-2148.3
2800000 -7767.96	-2107.51
2900000 -7642.1	-2114.97
3000000 -7718.78	-2156.08
3100000 -7760.35	-2112.31
3200000 -7726.85	-2072.82
3300000 -7900.11	-2106.41
3400000 -7912.28	-2074.58
3500000 -7907.95	-2093.42
3600000 -7961.64	-2052.56
3700000 -7933.04	-2090.07
3800000 -7839.68	-2086.4
3900000 -7857.16	-2097.21
4000000 -7896.47	-2093.94
4100000 -7901.28	-2112.09
4200000 -7922.68	-2092.66
4300000 -7857.5	-2110.69
4400000 -7970.96	-2058.13
4500000 -7987.5	-2062.05
4600000 -7988.84	-2065.03
4700000 -8488.17	-1968.62
4800000 -8461.28	-2003.62
