#step e_adh e_adh_nonbond
0 -1176.29	-1166.53
100000 -1681.93	-1188.74
200000 -1767.83	-1169.63
300000 -1890.27	-1169.56
400000 -1988.12	-1188.79
500000 -2018.14	-1184.97
600000 -2227.04	-1162.55
700000 -2176.28	-1155.73
800000 -2167.77	-1161.02
900000 -2274.5	-1138.1
1000000 -2260.39	-1156.42
1100000 -2263.2	-1161.34
1200000 -2314.8	-1154.33
1300000 -2302.28	-1159.44
1400000 -2310.72	-1171.39
1500000 -2271.45	-1170.35
1600000 -2285.48	-1175.83
1700000 -2291.14	-1160.85
1800000 -2408.03	-1171.49
1900000 -2385.32	-1165.26
2000000 -2381.94	-1167.65
2100000 -2411.96	-1158.22
2200000 -2432.13	-1162.49
2300000 -2423.45	-1165.92
2400000 -2396.18	-1185.5
2500000 -2438.36	-1146.67
2600000 -2389.32	-1175.91
2700000 -2343.87	-1148.87
2800000 -2469.94	-1149.79
2900000 -2498.77	-1156.12
3000000 -2436.44	-1161.13
3100000 -2507.29	-1162.06
3200000 -2518.49	-1153.43
3300000 -2527.82	-1155.81
3400000 -2442.23	-1168.52
3500000 -2492.65	-1162.98
3600000 -2500.63	-1162.11
3700000 -2497.19	-1154.69
3800000 -2480.79	-1161.01
3900000 -2522.99	-1172.11
4000000 -2497.4	-1154.11
4100000 -2495.37	-1162.88
4200000 -2551.72	-1148.14
4300000 -2533.25	-1148.72
4400000 -2507.35	-1173.66
4500000 -2508.22	-1148.1
4600000 -2459.46	-1174.65
4700000 -2452.24	-1166.06
4800000 -2514.68	-1158.11
4900000 -2512.98	-1140.26
5000000 -2576.05	-1149.55
5100000 -2553.61	-1177.3
5200000 -2581.92	-1160.93
5300000 -2575.59	-1181.43
5400000 -2597.08	-1173.99
5500000 -2614.81	-1159.26
5600000 -2592.13	-1155.12
5700000 -2562.61	-1166.75
5800000 -2605.4	-1157.84
5900000 -2611.19	-1150.66
6000000 -2609.1	-1168.12
6100000 -2593.37	-1156.41
6200000 -2573.57	-1162.39
6300000 -2580.64	-1175.39
6400000 -2599.45	-1135.19
6500000 -2574.32	-1152.81
6600000 -2631.08	-1157.74
6700000 -2598.93	-1149.88
6800000 -2591.78	-1176.06
6900000 -2611.21	-1149.76
7000000 -2563.52	-1172.41
7100000 -2619.91	-1146.44
7200000 -2618.11	-1167.17
7300000 -2577.87	-1165.37
7400000 -2606.02	-1162.89
7500000 -2552.78	-1167.47
7600000 -2616.86	-1160.51
7700000 -2580.99	-1159.46
7800000 -2609.18	-1150.54
7900000 -2646.4	-1167.82
8000000 -2589.02	-1156.55
8100000 -2596.21	-1164.56
8200000 -2659.02	-1148.98
8300000 -2703.42	-1152.35
8400000 -2681.56	-1171.27
8500000 -2687.75	-1158.35
8600000 -2702.93	-1163.39
8700000 -2682.21	-1163
8800000 -2674.98	-1148.6
8900000 -2682.43	-1173.96
9000000 -2632.33	-1163.96
9100000 -2677.33	-1164.19
9200000 -2678.88	-1155.94
9300000 -2665.11	-1141.96
9400000 -2673.31	-1175.44
9500000 -2616.32	-1167.96
9600000 -2661.7	-1163.01
9700000 -2695.24	-1160.89
9800000 -2693.43	-1163.26
9900000 -2730.67	-1158.26
10000000 -2772.45	-1136.36
10100000 -3000.53	-1113.39
10200000 -2958.02	-1107.64
10300000 -3198.55	-1116.19
10400000 -3340.65	-1112.65
10500000 -3298.68	-1108.2
10600000 -3429.56	-1089.49
10700000 -3579.94	-1125.41
10800000 -3650.74	-1108.48
10900000 -3704.27	-1107.34
11000000 -3653.66	-1120.28
11100000 -3704.14	-1124.99
11200000 -3836.5	-1109.93
11300000 -3857.14	-1108.1
11400000 -4004.45	-1107.84
11500000 -4064.52	-1074.48
11600000 -4103.41	-1105.63
11700000 -4090.1	-1099.45
11800000 -4130.02	-1085.41
11900000 -4140.93	-1094.53
12000000 -4130.53	-1092.16
12100000 -4096.84	-1108.05
12200000 -4118.26	-1096.28
12300000 -4185.29	-1092.98
12400000 -4137.91	-1093.72
12500000 -4160.13	-1087.38
12600000 -4117.96	-1086.78
12700000 -4132.54	-1071.8
12800000 -4194.11	-1088.3
12900000 -4128.83	-1082.2
13000000 -4056.14	-1108.73
13100000 -4139.35	-1096.56
13200000 -4147.7	-1096.03
13300000 -4063.88	-1078.04
13400000 -4169.28	-1098.26
13500000 -4141.07	-1086.35
13600000 -4271.8	-1093.56
13700000 -4136.39	-1094.65
13800000 -4137.45	-1077.5
13900000 -4152.38	-1078.03
14000000 -4174.22	-1082.49
14100000 -4202.96	-1105.89
14200000 -4192.81	-1082.26
14300000 -4235.09	-1086.02
14400000 -4196.68	-1107.7
14500000 -4202.44	-1103.47
14600000 -4285.87	-1099.57
14700000 -4240.01	-1108.45
14800000 -4167.12	-1120.25
14900000 -4072.31	-1124.37
15000000 -4133.23	-1096.07
15100000 -4133.16	-1087.27
15200000 -4158.85	-1107.68
15300000 -4193.07	-1091.3
15400000 -4127.86	-1140.47
15500000 -4139.62	-1101.22
15600000 -4090.38	-1136.73
15700000 -4117.38	-1085.24
15800000 -4110.57	-1097.03
15900000 -4116.2	-1097.25
16000000 -4067	-1108.5
16100000 -4146.35	-1108.6
16200000 -4241.63	-1121.02
