#step e_adh e_adh_nonbond
0 -1495.34	-1483.19
100000 -3529.34	-1604.07
200000 -3723.67	-1539.09
300000 -3789.1	-1530.24
400000 -3771.2	-1530.58
500000 -3737.75	-1560.82
600000 -3926.49	-1519.51
700000 -3813.53	-1569.33
800000 -3861.51	-1543.78
900000 -3868.73	-1533.12
1000000 -3864.01	-1538.46
1100000 -3839.54	-1531.28
1200000 -3922.28	-1555.17
1300000 -3959.33	-1525.88
1400000 -3909.6	-1533.98
1500000 -3972.79	-1532.37
1600000 -4027.77	-1521.33
1700000 -3982.71	-1544.39
1800000 -3963.27	-1563.43
1900000 -4020.47	-1541.12
2000000 -4015.64	-1539.45
2100000 -4055.34	-1545.18
2200000 -3986.55	-1552.1
2300000 -4016.27	-1531.03
2400000 -3978.63	-1553.27
2500000 -4003.12	-1546.06
2600000 -3973.3	-1532.34
2700000 -3891.64	-1537.39
2800000 -3924.44	-1546.16
2900000 -3962.88	-1542.26
3000000 -3995.43	-1518.93
3100000 -3958.29	-1525.37
3200000 -3973.79	-1516.43
3300000 -3986.73	-1543.4
3400000 -3955.36	-1536.64
3500000 -3976.46	-1535.14
3600000 -3967.52	-1538.04
3700000 -3976.05	-1544.07
3800000 -3994.29	-1546.7
3900000 -3915.36	-1562.79
4000000 -3950.75	-1538.03
4100000 -3987.81	-1544.85
4200000 -3969.29	-1546.9
4300000 -3981.9	-1527.99
4400000 -4014.47	-1542.09
4500000 -4020.23	-1530.4
4600000 -4002	-1532.44
4700000 -3967.76	-1535.51
4800000 -4045.25	-1533.91
4900000 -4007.56	-1556.35
5000000 -3932.74	-1552.2
5100000 -3995.89	-1533.11
5200000 -3972.8	-1521.85
5300000 -4015.92	-1511.5
5400000 -4062.22	-1533.82
5500000 -3921.43	-1536.24
5600000 -3914.04	-1527.39
5700000 -3921.43	-1547.31
5800000 -3946.12	-1538.16
5900000 -3926.74	-1564.28
6000000 -3991.45	-1549
6100000 -3925.88	-1523.53
6200000 -3965.38	-1561.54
6300000 -3987.26	-1534.52
6400000 -3924.5	-1535.24
6500000 -3927.96	-1532.94
6600000 -3957.8	-1544.97
6700000 -3959.74	-1539.4
6800000 -3976.28	-1540.49
6900000 -3964.49	-1539.58
7000000 -3990.06	-1513.44
7100000 -3984.82	-1507.28
7200000 -4027.71	-1534.7
7300000 -4007.4	-1521.42
7400000 -3977.89	-1500.38
7500000 -3997.19	-1463.04
7600000 -4071.08	-1446.54
7700000 -4089.35	-1440.97
7800000 -4139.84	-1464.13
7900000 -4293.19	-1416.98
8000000 -4175.82	-1421.72
8100000 -4294.1	-1420.81
8200000 -4357.26	-1388.32
8300000 -4352.44	-1417.87
8400000 -4288.4	-1446.06
8500000 -4342.57	-1421.94
8600000 -4418.74	-1403.64
8700000 -4539.65	-1412.57
8800000 -4513.85	-1381.49
8900000 -4469.41	-1421.83
9000000 -4450.4	-1399.48
9100000 -4432.17	-1411.65
9200000 -4520.47	-1418.03
9300000 -4554.62	-1409.84
9400000 -4508.29	-1406.62
9500000 -4503.92	-1401.22
9600000 -4571.53	-1390.52
9700000 -4541.57	-1387.48
9800000 -4537.5	-1413.67
9900000 -4514.11	-1393.03
10000000 -4671.06	-1388.39
10100000 -4578.75	-1409.81
10200000 -4545.43	-1406.93
10300000 -4477.08	-1398.82
10400000 -4568.2	-1366.4
10500000 -4527.25	-1398.03
10600000 -4555.84	-1406.87
10700000 -4563.46	-1372.02
10800000 -4523.8	-1396.76
10900000 -4534.9	-1401.37
11000000 -4619.84	-1399.87
11100000 -4532.23	-1403.54
11200000 -4574.86	-1405.98
11300000 -4512.74	-1415.75
11400000 -4600.61	-1395.05
11500000 -4567.87	-1403.66
11600000 -4666	-1399.81
11700000 -4630.24	-1372.37
11800000 -4750.57	-1390.94
11900000 -4771.15	-1355.4
12000000 -4715	-1377.86
12100000 -4638.3	-1362.02
12200000 -4734.48	-1349.8
12300000 -4733.95	-1368.73
12400000 -4660.66	-1386.5
12500000 -4791.43	-1391.08
12600000 -4724.28	-1428.46
12700000 -4711.92	-1385.65
12800000 -4706.13	-1418.17
12900000 -4775.45	-1400.75
13000000 -4772.31	-1412.35
13100000 -4733.01	-1397.93
13200000 -4752.74	-1393
13300000 -4683.24	-1423.49
13400000 -4738.14	-1400.89
13500000 -4800.96	-1405.45
13600000 -4733.35	-1432.86
13700000 -4775.94	-1393
13800000 -4825.4	-1413.58
13900000 -4808.93	-1401.77
14000000 -4768.41	-1402.33
14100000 -4770.94	-1402.46
14200000 -4820.9	-1392.58
14300000 -4743.95	-1423.84
14400000 -4775.46	-1405.78
14500000 -4680.62	-1422.53
14600000 -4717.52	-1394.09
14700000 -4750.97	-1382.57
14800000 -4718.69	-1387.13
14900000 -4702.47	-1391.8
15000000 -4775.37	-1364.36
15100000 -4759.1	-1385.78
15200000 -4796.02	-1403.96
15300000 -4725.94	-1394.55
15400000 -4666.48	-1426.39
15500000 -4719.39	-1414.94
15600000 -4738.71	-1393.13
15700000 -4738.13	-1385.23
15800000 -4734	-1386.39
15900000 -4676.49	-1404.17
16000000 -4673.39	-1411.51
16100000 -4705.87	-1422.19
16200000 -4666.37	-1370.84
16300000 -4710.51	-1412.36
