#step e_adh e_adh_nonbond
0 -2571.24	-2571.24
100000 -5752.34	-3012.31
200000 -6038.77	-2919.52
300000 -6306.44	-2935.72
400000 -6349.27	-2864.84
500000 -6635	-2846.03
600000 -6748.34	-2857.27
700000 -6867.03	-2857.87
800000 -6880.27	-2827.86
900000 -6909.57	-2844.42
1000000 -7161.63	-2826.41
1100000 -7436.77	-2826.9
1200000 -7463.18	-2807.49
1300000 -7592.17	-2781.3
1400000 -7476.91	-2796.55
1500000 -7496.15	-2795.02
1600000 -7540.5	-2842.2
1700000 -7571.56	-2769.92
1800000 -7659.91	-2725.32
1900000 -7597.99	-2782.88
2000000 -7546.62	-2765.87
2100000 -7583.72	-2757.56
2200000 -7692.05	-2782.29
2300000 -7741.33	-2729.01
2400000 -7800.46	-2783.39
2500000 -7786.3	-2746.89
2600000 -7759.41	-2733.79
2700000 -7899.04	-2788.33
2800000 -7858.17	-2769.33
2900000 -7936.14	-2758.84
3000000 -7945.71	-2729.69
3100000 -7968.9	-2677.43
3200000 -8024.89	-2700.37
3300000 -8067.07	-2706.04
3400000 -8176.7	-2682.71
3500000 -8194.98	-2697.16
3600000 -8261.95	-2673.52
3700000 -8258.55	-2708.24
3800000 -8274.23	-2654.88
3900000 -8272.41	-2624.03
4000000 -8435.33	-2657.42
4100000 -8464.98	-2622.26
4200000 -8371.58	-2667.69
4300000 -8415.77	-2627.36
4400000 -8460.98	-2671.23
4500000 -8434.37	-2630.78
4600000 -8524.63	-2697.94
4700000 -8600.48	-2666.6
4800000 -8578.21	-2637.62
4900000 -8474.03	-2643.69
5000000 -8521.94	-2615.51
5100000 -8544.03	-2614.68
5200000 -8662.76	-2625.22
5300000 -8659.34	-2627.04
5400000 -8731.49	-2632.8
5500000 -8695.18	-2606.88
5600000 -8645.87	-2629.94
5700000 -8776.66	-2639.25
5800000 -8676.13	-2604.6
5900000 -8602.9	-2631.05
6000000 -8608.81	-2617.96
