ATOMIC_POSITIONS angstrom
Pd 5.836 1.945 -3.891
Pd 7.781 0.000 -3.891
Pd 9.727 1.945 -3.891
Pd 0.000 3.891 -3.891
Pd 1.945 5.836 -3.891
Pd 3.891 3.891 -3.891
Pd 5.836 5.836 -3.891
Pd -0.000 -0.000 -3.891
Pd 7.781 3.891 -3.891
Pd 9.727 5.836 -3.891
Pd 0.000 7.781 -3.891
Pd 1.945 9.727 -3.891
Pd 1.945 1.945 -3.891
Pd 3.891 7.781 -3.891
Pd 5.836 9.727 -3.891
Pd 7.781 7.781 -3.891
Pd 9.727 9.727 -3.891
Pd 3.891 0.000 -3.891
Pd 3.855 1.938 -1.950
Pd 5.798 0.024 -1.959
Pd 7.746 1.966 -1.927
Pd 9.701 0.029 -1.922
Pd -0.013 5.826 -1.992
Pd 1.941 3.863 -1.936
Pd 3.884 5.806 -1.963
Pd 5.816 3.881 -1.979
Pd 7.800 5.819 -1.967
Pd 9.689 3.848 -1.933
Pd 0.069 9.724 -1.899
Pd 1.982 7.807 -1.938
Pd 3.878 9.689 -1.917
Pd 5.846 7.761 -1.979
Pd -0.030 1.911 -1.864
Pd 7.758 9.749 -1.956
Pd 9.722 7.814 -1.984
Pd 1.967 -0.065 -1.865
Pd 0.015 -0.068 0.034
Pd 7.674 0.008 0.039
Pd 9.627 1.893 0.118
Pd -0.047 3.845 0.027
Pd 1.810 5.807 0.004
Pd 1.924 1.899 0.057
Pd 3.808 3.876 0.048
Pd 5.945 5.830 0.010
Pd 7.784 3.939 0.065
Pd 9.770 5.852 -0.034
Pd -0.080 7.814 0.026
Pd 2.202 9.535 0.420
Pd 4.012 7.612 0.051
Pd 5.832 9.687 0.008
Pd 7.835 7.828 -0.036
Pd 9.708 9.786 -0.012
Pd 3.925 -0.025 0.047
Pd 5.735 2.025 0.075
C 4.623 3.994 1.988
H 3.696 3.831 2.565
C 5.072 5.403 1.965
C 4.003 6.434 1.987
H 2.991 5.987 2.073
C 4.056 7.864 2.111
H 4.979 8.402 2.397
C 2.786 8.677 2.182
O 2.055 8.837 3.131
C 6.489 5.675 2.101
H 6.810 6.677 2.421
C 7.453 4.596 2.178
O 8.671 4.760 2.751
C 9.044 6.050 3.217
H 9.015 6.806 2.395
H 8.394 6.369 4.059
H 10.083 5.949 3.571
C 7.077 3.156 2.045
O 7.943 2.236 2.235
C 5.589 2.886 2.069
O 5.326 1.790 2.843
C 3.985 1.473 3.184
H 3.281 1.642 2.332
H 3.981 0.401 3.438
H 3.658 2.050 4.072

CELL_PARAMETERS angstrom
 11.6721000000 0.0000000000 0.0000000000
 0.0000000000 11.6721000000 0.0000000000
 0.0000000000 0.0000000000 32.2478728585