#step e_adh e_adh_nonbond
0 -1477.92	-1477.93
100000 -2919.52	-1492.25
200000 -3008.26	-1453.6
300000 -3127.65	-1421.37
400000 -3208.73	-1399.99
500000 -3346.82	-1388.04
600000 -3383.37	-1370.23
700000 -3550.34	-1350.52
800000 -3551.1	-1330.73
900000 -3660.83	-1315.79
1000000 -3719.34	-1286.33
1100000 -3756.02	-1319.25
1200000 -3941.88	-1276.15
1300000 -3990.31	-1239.9
1400000 -4062.35	-1258.45
1500000 -4046.33	-1257.64
1600000 -4142.1	-1240.64
1700000 -4104.04	-1284.54
1800000 -4087.48	-1254.8
1900000 -4144.77	-1249.49
2000000 -4145.2	-1228.68
2100000 -4139.2	-1260.51
2200000 -4163.87	-1247.94
2300000 -4188.47	-1242.06
2400000 -4246.78	-1242.67
2500000 -4198.29	-1239.33
2600000 -4149.62	-1242.32
2700000 -4163.03	-1259.47
2800000 -4233.39	-1252.5
2900000 -4288.57	-1233.85
3000000 -4245.79	-1279.02
3100000 -4395.63	-1244.04
3200000 -4358.21	-1232.61
3300000 -4312.97	-1228.43
3400000 -4248.61	-1240.93
3500000 -4256.58	-1255.26
3600000 -4241.72	-1228.17
3700000 -4313.04	-1242.22
3800000 -4237.25	-1238.07
