Reactive MD-force field: H/O/Si/Al for aluminosilicates George P Feb 2014
 42 ! Number of general parameters
   50.0000
    9.5469
   26.5405
    1.7224
    6.8702
   60.4850
    1.0588
    4.6000
   12.1176
   13.3056
  -70.5044
    0.0000
   10.0000
    2.8793
   33.8667
    6.0891
    1.0563
    2.0384
    6.1431
    6.9290
    0.3989
    3.9954
   -2.4837
    5.7796
   10.0000
    1.9487
   -1.2327
    2.1645
    1.5591
    0.1000
    2.1365
    0.6991
   50.0000
    1.8512
    0.5000
   20.0000
    5.0000
    0.0000
    2.6962
    0.0000
    0.0000
    0.0000
  4 ! Number of atoms



 H    0.8930   1.0000   1.0080   1.3550   0.0930   0.8203  -0.1000   1.0000
      8.2230  33.2894   1.0000   0.0000 121.1250   3.7248   9.6093   1.0000
     -0.1000   0.0000  61.6606   3.0408   2.4197   0.0003   1.0698   0.0000
    -19.4571   4.2733   1.0338   1.0000   2.8793   0.0000   0.0000   0.0000
 O    1.2450   2.0000  15.9990   2.3890   0.1000   1.0898   1.0548   6.0000
      9.7300  13.8449   4.0000  37.5000 116.0768   8.5000   8.3122   2.0000
      0.9049   0.4056  59.0626   3.5027   0.7640   0.0021   0.9745   0.0000
     -3.5500   2.9000   1.0493   4.0000   2.9225   0.0000   0.0000   0.0000
 Si   2.0175   4.0000  28.0600   2.0473   0.1835   0.8925   1.2962   4.0000
     12.3588   1.2523   4.0000  21.7115 139.9309   4.6988   6.0000   0.0000
     -1.0000   0.0000 128.2031   8.7895  23.9298   0.8381   0.8563   0.0000
     -4.7525   2.1607   1.0338   4.0000   2.5791   0.0000   0.0000   0.0000
 Al   2.1967   3.0000  26.9820   2.3738   0.2328   0.4873  -1.6836   3.0000
      9.4002   2.6409   3.0000   0.0076  16.5151  -0.7626   6.4941   0.0000
     -1.0000   0.0000  78.4675  20.0000   0.2500   0.0000   0.8563   0.0000
    -23.1826   2.1732   1.0338   8.0000   2.1488   1.4000   0.2000  13.0000
 10 ! Number of bonds

  1  1 153.3934   0.0000   0.0000  -0.4600   0.0000   1.0000   6.0000   0.7300
         6.2500   1.0000   0.0000   1.0000  -0.0790   6.0552   0.0000   0.0000
  2  2 142.2858 145.0000  50.8293   0.2506  -0.1000   1.0000  29.7503   0.6051
         0.3451  -0.1055   9.0000   1.0000  -0.1225   5.5000   1.0000   0.0000
  1  2 160.0000   0.0000   0.0000  -0.5725   0.0000   1.0000   6.0000   0.5626
         1.1150   1.0000   0.0000   1.0000  -0.0920   4.2790   0.0000   0.0000
  1  3 250.0000   0.0000   0.0000  -0.7128   0.0000   1.0000   6.0000   0.1186
        18.5790   1.0000   0.0000   1.0000  -0.0731   7.4983   0.0000   0.0000
  2  3 272.8709  18.4462   0.0000  -0.6107  -0.3000   1.0000  36.0000   0.8270
        10.2334  -0.5495  29.9954   1.0000  -0.1277   7.5863   1.0000   0.0000
  3  3  78.0276  54.0531  30.0000   0.5398  -0.3000   1.0000  16.0000   0.0476
         0.2865  -0.8055   7.1248   1.0000  -0.0681   8.6957   0.0000   0.0000
  4  1 110.8506   0.0000   0.0000  -0.2686  -0.3000   0.0000  36.0000   0.1006
        12.9604  -0.3500  25.0000   1.0000  -0.2742  13.1171   0.0000   0.0000
  4  2 179.0726   0.0000   0.0000  -0.3640  -0.3000   0.0000  36.0000   0.2030
         0.0008  -0.3500  25.0000   1.0000  -0.1036   6.4625   0.0000   0.0000
  4  3   0.0000   0.0000   0.0000   1.0000   0.3000   0.0000  26.0000   1.0000
         0.5000   0.0000  12.0000   1.0000  -0.2000  10.0000   0.0000   0.0000
  4  4  62.1222   0.0000   0.0000   0.4832  -0.3000   0.0000  16.0000   0.5154
         6.4631  -0.4197  14.3085   1.0000  -0.1463   6.1608   0.0000   0.0000
  6 ! Number of off-diagonal terms
  1  2   0.0283   1.2885  10.9190   0.9215  -1.0000  -1.0000
  1  3   0.1659   1.4000  11.7054   1.3437  -1.0000  -1.0000
  2  3   0.1330   2.0545  10.8315   1.7043   1.3773  -1.0000
  4  1   0.0564   1.4937  12.0744   2.0722  -1.0000  -1.0000
  4  2   0.1960   1.8464  11.1461   1.4196  -1.0000  -1.0000
  4  3   0.0980   1.7870  10.6898  -1.0000  -1.0000  -1.0000
 31 ! Number of angles
  1  1  1   0.0000  27.9213   5.8635   0.0000   0.0000   0.0000   1.0400
  2  2  2  80.7324  30.4554   0.9953   0.0000   1.6310  50.0000   1.0783
  1  2  2  75.6935  50.0000   2.0000   0.0000   1.0000   0.0000   1.1680
  1  2  1  85.8000   9.8453   2.2720   0.0000   2.8635   0.0000   1.5800
  2  1  2   0.0000  15.0000   2.8900   0.0000   0.0000   0.0000   2.8774
  1  1  2   0.0000   8.5744   3.0000   0.0000   0.0000   0.0000   1.0421
  3  3  3  71.0490  32.4076   1.2648   0.0000   0.0133   0.0000   1.2899
  1  3  3  77.2616   5.0190   7.8944   0.0000   4.0000   0.0000   1.0400
  1  3  1  75.7983  14.4132   2.8640   0.0000   4.0000   0.0000   1.0400
  2  3  3  99.8997  26.6610   2.1237   0.0000   0.0100   0.0000   1.4341
  1  3  2  73.6998  40.0000   1.8782   0.0000   4.0000   0.0000   1.1290
  2  3  2  98.2184  38.9429   0.7727   0.0000   1.1658   0.0000   2.2641
  3  2  3  39.2858   1.3068   5.6478   0.0000   3.8972   0.0000   3.0000
  1  2  3  79.2126   4.8973   8.0000   0.0000   1.0859   0.0000   2.1209
  2  2  3  82.7397  32.1198   1.8862   0.0000   0.1058   0.0000   1.5443
  1  1  3   0.0000  47.1300   6.0000   0.0000   1.6371   0.0000   1.0400
  3  1  3   0.0000  27.4206   6.0000   0.0000   1.6371   0.0000   1.0400
  2  1  3   0.0000   7.0550   3.9236   0.0000   1.6371   0.0000   1.0400
  4  1  2   0.0000  10.2889   2.0508   0.0000   1.3750   0.0000   1.7626
  4  1  1   0.0000   3.0000   1.0000   0.0000   1.0000   0.0000   1.2500
  4  1  4   0.0000  20.2391   0.1328   0.0000   2.9860   0.0000   1.0870
  4  2  1  85.2599  18.3247   1.3524   0.0000   3.0000   0.0000   2.9991
  4  2  2  34.4326  25.9544   5.1239   0.0000   2.7500   0.0000   1.7141
  4  2  4   5.3245  11.6447   0.5583   0.0000   0.6619   0.0000   0.9990
  1  4  1  67.4229   4.5148   5.9702   0.0000   3.0000   0.0000   2.6879
  1  4  2  64.0462   9.3536   1.5965   0.0000   0.7372   0.0000   1.1513
  2  4  2  61.1546  26.3040   3.3188   0.0000   3.0000   0.0000   3.0000
  4  4  2  32.1032   2.3304   4.5935   0.0000   0.5894   0.0000   1.0140
  4  4  1 180.0000 -26.7860   7.3549   0.0000   1.0000   0.0000   1.0252
  4  4  1   0.0000   0.0000   0.0000   0.0000   0.0000   0.0000   0.0000
  4  2  3   7.1670  11.9291   3.9535   0.0000   1.0000   0.0000   3.4258
  5 ! Number of torsions
  1  2  2  1   2.5000  -4.0000   0.9000  -2.5000  -1.0000   0.0000   0.0000
  1  2  2  2   0.8302  -4.0000  -0.7763  -2.5000  -1.0000   0.0000   0.0000
  2  2  2  2  -2.5000  -4.0000   1.0000  -2.5000  -1.0000   0.0000   0.0000
  1  3  3  1   0.0000   0.0000   0.0640  -2.4426   0.0000   0.0000   0.0000
  1  3  3  3   0.0000   0.0000   0.1587  -2.4426   0.0000   0.0000   0.0000
  1 ! Number of hydrogen bonds
  2  1  2   2.1200  -3.5800   1.4500  19.5000
