#step e_adh e_adh_nonbond
0 -267.076	-266.928
100000 -766.608	-230.579
200000 -770.291	-242.211
300000 -763.558	-228.338
400000 -785.891	-238.609
500000 -752.956	-237.314
600000 -763.613	-236.581
700000 -781.274	-239.118
800000 -780.899	-240.393
900000 -761.702	-216.766
1000000 -778.656	-242.212
1100000 -778.207	-230.626
1200000 -764.208	-233.946
1300000 -764.546	-221.743
1400000 -769.727	-240.083
1500000 -776.374	-233.605
1600000 -784.794	-244.04
1700000 -763.644	-235.442
1800000 -784.966	-254.392
1900000 -772.769	-230.874
2000000 -749.439	-246.002
2100000 -770.458	-232.899
2200000 -779.044	-242.942
2300000 -767.513	-240.422
2400000 -781.754	-236.803
2500000 -787.541	-230.476
2600000 -789.578	-240.446
2700000 -767.392	-247.529
2800000 -763.478	-233.189
2900000 -752.055	-232.334
3000000 -835.785	-239.716
3100000 -841.886	-218.494
3200000 -833.842	-230.994
3300000 -812.272	-228.641
3400000 -825.149	-213.354
3500000 -818.341	-226.374
3600000 -837.005	-238.168
3700000 -898.972	-211.305
