#step e_adh e_adh_nonbond
0 -2605.92	-2605.92
100000 -7678.7	-2258.33
200000 -7630.57	-2270.28
300000 -7714.71	-2212.62
400000 -7630.33	-2253.6
500000 -7737.22	-2220.96
600000 -7975.88	-2232.81
700000 -8090.55	-2217.62
800000 -8117.03	-2224.54
900000 -8146.89	-2224.64
1000000 -8081.65	-2221.95
1100000 -8156.84	-2229.79
1200000 -8066.62	-2249.13
1300000 -8151.95	-2233.02
1400000 -8206.48	-2197.96
1500000 -8198.08	-2209.04
1600000 -7985.05	-2250.66
1700000 -8049.52	-2271.8
1800000 -8102.1	-2254.79
1900000 -8061.21	-2235.43
2000000 -8151.76	-2208.58
2100000 -8068.36	-2239.09
2200000 -8062.04	-2222.97
2300000 -8050.05	-2251.24
2400000 -8055.25	-2213.79
2500000 -7949.18	-2258.73
2600000 -8039.38	-2284.29
2700000 -7983.21	-2225.3
2800000 -8203.41	-2242.95
2900000 -8159.96	-2212.66
3000000 -8160.55	-2226.53
3100000 -8171.95	-2207.28
3200000 -8192.97	-2243.69
3300000 -8200.61	-2233.41
3400000 -8263.7	-2239.05
3500000 -8246.29	-2235.24
3600000 -8118.42	-2273.79
3700000 -8186.46	-2240.81
3800000 -8131.4	-2228.34
3900000 -8158.85	-2226.42
4000000 -8204.98	-2236.17
4100000 -8222.51	-2203.55
4200000 -8174.31	-2250.45
4300000 -8207.06	-2250.07
4400000 -8177.08	-2244.96
