#step e_adh e_adh_nonbond
0 -1141.13	-1136.28
100000 -1479.18	-1217.25
200000 -1884.92	-1211.58
300000 -1895.29	-1187.44
400000 -1842.26	-1191
500000 -1935.41	-1206.3
600000 -2027.85	-1223.03
700000 -2030.69	-1199.99
800000 -2004.07	-1224.55
900000 -2060.65	-1203.39
1000000 -2003.13	-1202.63
1100000 -2145.64	-1216.33
1200000 -2138.44	-1226.28
1300000 -2123.84	-1199.48
1400000 -2128.48	-1225.39
1500000 -2134.52	-1217.34
1600000 -2149.82	-1213.28
1700000 -2130.79	-1211.76
1800000 -2135.56	-1226.91
1900000 -2123.29	-1210.37
2000000 -2123.06	-1230.67
2100000 -2150.82	-1227.17
2200000 -2142.13	-1219.8
2300000 -2177.81	-1199.81
2400000 -2233.9	-1203.95
2500000 -2238.62	-1197.58
2600000 -2221.64	-1232.73
2700000 -2249.5	-1205.92
2800000 -2227.01	-1211.52
2900000 -2247.85	-1228.27
3000000 -2258.24	-1210.75
3100000 -2215.59	-1198.69
3200000 -2222.09	-1210.2
3300000 -2268.61	-1214.59
3400000 -2316.31	-1199.11
3500000 -2254.55	-1219.62
3600000 -2268.1	-1200.86
3700000 -2235.92	-1205.3
3800000 -2235.58	-1190.3
3900000 -2244.69	-1211.96
4000000 -2226.63	-1223.55
4100000 -2278.42	-1209.29
4200000 -2234.9	-1205.84
4300000 -2266.75	-1222.65
4400000 -2228.41	-1204.68
4500000 -2280.81	-1209.46
4600000 -2289.8	-1199
4700000 -2222.94	-1191.33
4800000 -2261.33	-1199.07
4900000 -2248.64	-1204.56
5000000 -2265.53	-1202.7
5100000 -2274.78	-1197.94
5200000 -2258.03	-1223.69
5300000 -2304.88	-1194.77
5400000 -2312.57	-1206.09
5500000 -2265.85	-1203.92
5600000 -2248.26	-1203.2
5700000 -2304.26	-1211.52
5800000 -2293.53	-1215.69
5900000 -2265.76	-1205.81
6000000 -2327.9	-1206.16
6100000 -2426.5	-1236.09
6200000 -2547.28	-1233.79
6300000 -2558.29	-1192.77
6400000 -2512.41	-1212.63
6500000 -2516.74	-1223.61
6600000 -2493.7	-1214.26
6700000 -2530.64	-1216.62
6800000 -2481.2	-1230.48
6900000 -2516.6	-1234.82
7000000 -2488.94	-1214.24
7100000 -2502.04	-1207.38
7200000 -2526.06	-1217
7300000 -2536.43	-1195.47
7400000 -2545.46	-1211.64
7500000 -2502.41	-1211.34
7600000 -2546.83	-1203.5
7700000 -2515.58	-1212.68
7800000 -2518.6	-1206.59
7900000 -2530.9	-1219.56
8000000 -2642.74	-1218.11
8100000 -2625.8	-1209.47
8200000 -2638.15	-1209.84
8300000 -2606.45	-1217.48
8400000 -2643.93	-1200.32
8500000 -2629.39	-1204.1
8600000 -2567.48	-1205.62
8700000 -2665.78	-1195.93
8800000 -2603.37	-1203.99
8900000 -2619.85	-1209.97
9000000 -2631.46	-1212.03
9100000 -2651.89	-1207.68
9200000 -2686.29	-1204.2
9300000 -2672.44	-1200.66
9400000 -2667.21	-1196.23
9500000 -2605.33	-1197.91
9600000 -2680.66	-1176.04
9700000 -2772.38	-1191.96
9800000 -2798.47	-1205.94
9900000 -2781.78	-1191.83
10000000 -2828.94	-1183.7
10100000 -2816.46	-1188.58
10200000 -2929.7	-1193.34
10300000 -3017.23	-1209.85
10400000 -3025.39	-1188.27
10500000 -3053.55	-1215.32
10600000 -2986.34	-1197.75
10700000 -3068.63	-1178.77
10800000 -3058.79	-1191.92
10900000 -3118.78	-1167.79
11000000 -3029.89	-1210.23
11100000 -3081.39	-1195.07
11200000 -3074.53	-1169.26
11300000 -3164.43	-1181.6
11400000 -3171.54	-1189.62
11500000 -3169.37	-1190.18
11600000 -3132.64	-1173.55
11700000 -3259.56	-1157.74
11800000 -3166.41	-1187.71
11900000 -3214.13	-1173.65
12000000 -3181.11	-1185.93
12100000 -3186.99	-1175.9
12200000 -3222.24	-1192.24
12300000 -3205.27	-1197.9
12400000 -3168.49	-1185.07
12500000 -3147.37	-1179.58
12600000 -3250.21	-1169.53
12700000 -3227.52	-1181.65
12800000 -3222.3	-1193.02
12900000 -3161.26	-1186.69
13000000 -3146.55	-1199.32
13100000 -3185.61	-1203.3
13200000 -3156.92	-1174.34
13300000 -3200.27	-1184.64
13400000 -3178.68	-1172.07
13500000 -3148.93	-1176.28
13600000 -3216.06	-1185.55
13700000 -3180.04	-1177.32
13800000 -3166.41	-1195.51
13900000 -3182.85	-1173.13
14000000 -3175.74	-1184.42
14100000 -3220.61	-1186.54
14200000 -3172.93	-1177.05
14300000 -3202.37	-1178.56
14400000 -3163.64	-1191.29
14500000 -3199.28	-1184.87
14600000 -3236.07	-1192.12
14700000 -3196.59	-1201.16
14800000 -3220.42	-1181.76
14900000 -3191.58	-1180.02
15000000 -3198.08	-1171.16
15100000 -3194.91	-1171.99
15200000 -3174.36	-1189.51
15300000 -3209.75	-1201.14
15400000 -3196.29	-1170.65
15500000 -3133.13	-1182
15600000 -3196.64	-1184.45
15700000 -3193.49	-1195.99
15800000 -3251.91	-1180.04
15900000 -3184.56	-1164.6
16000000 -3175.73	-1211.78
16100000 -3196.66	-1210.45
16200000 -3122.18	-1200.7
16300000 -3228.91	-1175.63
