#step e_adh e_adh_nonbond
0 -271.139	-271.139
100000 -831.351	-244.689
200000 -807.022	-232.43
300000 -960.475	-225.601
400000 -963.301	-222.173
500000 -954.785	-218.992
600000 -947.568	-229.665
700000 -982.651	-221.84
800000 -964.194	-229.23
900000 -948.175	-226.93
1000000 -956.997	-213.79
1100000 -959.392	-211.722
1200000 -964.7	-221.946
1300000 -961.306	-218.288
1400000 -957.661	-226.108
1500000 -974.304	-228.719
1600000 -972.765	-239.642
1700000 -960.17	-212.816
1800000 -995.694	-229.957
1900000 -969.681	-224.949
2000000 -972.88	-219.896
2100000 -971.652	-216.797
2200000 -944.414	-223.524
2300000 -963.979	-229.514
2400000 -960.944	-220.718
2500000 -957.595	-228.936
2600000 -953.825	-232.963
2700000 -958.116	-220.696
2800000 -964.223	-228.418
2900000 -946.948	-226.441
3000000 -984.614	-215.444
3100000 -968.729	-228.767
3200000 -939.195	-235.571
3300000 -969.012	-225.247
3400000 -960.205	-248.441
3500000 -975.315	-227.488
3600000 -958.66	-225.319
