#step e_adh e_adh_nonbond
0 -2811.83	-2811.83
100000 -10432.5	-1112.14
200000 -10487.5	-1075.72
300000 -10361.4	-1090.53
400000 -10602.7	-1015.7
500000 -10476	-1063.84
600000 -10558.2	-1074.25
700000 -10549.6	-1109.02
800000 -10528.6	-1037.71
900000 -10543.2	-1067.81
1000000 -10456.8	-1094.47
1100000 -10458.2	-1029.92
1200000 -10554.2	-995.15
1300000 -10466.5	-1078.62
1400000 -10495.4	-1064.28
1500000 -10433.4	-1050.87
1600000 -10493.1	-1089.32
1700000 -10522.5	-1064.6
1800000 -10606.7	-980.44
1900000 -10453.3	-1047.81
2000000 -10527.4	-1008.94
2100000 -10542.9	-1071.63
2200000 -10540.2	-1048.51
2300000 -10569	-1031.66
2400000 -10526.7	-1089.37
2500000 -10488.9	-1056.98
2600000 -10508.1	-1029.16
2700000 -10534.5	-1034.49
2800000 -10521.6	-1103.96
2900000 -10512.7	-1043.51
3000000 -10494.3	-1085.75
3100000 -10441.2	-1095.19
3200000 -10582	-1020.1
3300000 -10484.9	-1053.62
3400000 -10518	-1052.92
3500000 -10586.3	-1042.36
3600000 -10541.6	-1057.51
3700000 -10574.3	-1052.72
3800000 -10545.5	-1031.02
3900000 -10549.5	-1004.72
4000000 -10576.9	-1047.45
4100000 -10449.2	-1078.04
4200000 -10570.3	-1071.2
4300000 -10521.1	-1042.59
4400000 -10564.1	-1067.29
4500000 -10463.4	-1120.74
4600000 -10563.7	-1045.01
4700000 -10528.9	-988.81
4800000 -10539.8	-1039.51
