#step e_adh e_adh_nonbond
0 -1147.33	-1155.04
100000 -1886.39	-1213.85
200000 -1839.71	-1199.51
300000 -1888.08	-1210.63
400000 -1957.85	-1187.75
500000 -1977.94	-1204.26
600000 -1995.16	-1208.39
700000 -2015.14	-1189.17
800000 -2016.85	-1178.66
900000 -2063	-1199.7
1000000 -2040.43	-1181.33
1100000 -2051.28	-1213.69
1200000 -2099.18	-1209.45
1300000 -2116.84	-1209.33
1400000 -2072.53	-1217.99
1500000 -2097.85	-1220.71
1600000 -2049.15	-1221.66
1700000 -2071.77	-1214.19
1800000 -2063.31	-1219.02
1900000 -2094.88	-1197.29
2000000 -2054.4	-1196.43
2100000 -2041.41	-1204.85
2200000 -2056.11	-1217.09
2300000 -2057.21	-1216.9
2400000 -2105.68	-1227.42
2500000 -2089.75	-1203.65
2600000 -2073.72	-1228.82
2700000 -2263.25	-1200.37
2800000 -2241.1	-1209.54
2900000 -2259.66	-1190.98
3000000 -2233.84	-1184.82
3100000 -2275.26	-1193.25
3200000 -2263.54	-1183.75
3300000 -2266.88	-1186.33
3400000 -2280.34	-1193.58
3500000 -2263.09	-1206.54
3600000 -2282.46	-1194.78
3700000 -2254.32	-1200.48
3800000 -2224.06	-1181.84
3900000 -2283.19	-1204.12
4000000 -2284.15	-1193.25
4100000 -2268.47	-1194.59
4200000 -2299.53	-1203.01
4300000 -2288.42	-1204.45
4400000 -2288.19	-1175.43
4500000 -2326.04	-1192.34
4600000 -2329.16	-1181.35
4700000 -2310.5	-1175.95
4800000 -2298.71	-1195.76
4900000 -2364.64	-1153.87
5000000 -2371.66	-1166.81
5100000 -2364.64	-1164.25
5200000 -2403.09	-1168.58
5300000 -2357.36	-1182.21
5400000 -2374.85	-1154.44
5500000 -2355.5	-1179.6
5600000 -2416.3	-1184.32
5700000 -2376.35	-1178.89
5800000 -2340.26	-1179.18
5900000 -2353.57	-1167.19
6000000 -2369.92	-1177.13
6100000 -2342.32	-1164.92
6200000 -2386.27	-1185.96
6300000 -2347.72	-1173.32
6400000 -2375.05	-1169.01
6500000 -2372.1	-1171.41
6600000 -2375.37	-1162.6
6700000 -2371.15	-1164.27
6800000 -2377.5	-1179.9
6900000 -2436.82	-1165.34
7000000 -2422.87	-1155.44
7100000 -2451.47	-1142.75
7200000 -2406.98	-1155.67
7300000 -2386.93	-1160.65
7400000 -2414.96	-1151.6
7500000 -2456.19	-1167.97
7600000 -2421.64	-1170.82
7700000 -2448.36	-1152.49
7800000 -2403.73	-1154.73
7900000 -2425.21	-1140.13
8000000 -2423.34	-1151.53
8100000 -2457.13	-1142.58
8200000 -2441.28	-1157.54
8300000 -2536.19	-1153.02
8400000 -2529.36	-1168.67
8500000 -2533.57	-1163.85
8600000 -2520.3	-1149.27
8700000 -2489.94	-1180.74
8800000 -2530.93	-1159.78
8900000 -2526.3	-1163.35
9000000 -2489.87	-1167.3
9100000 -2518.22	-1169.36
9200000 -2524.14	-1157.23
9300000 -2517.34	-1166.08
9400000 -2564.95	-1171.7
9500000 -2572.79	-1153.76
9600000 -2506.12	-1151.13
9700000 -2539.28	-1159.42
9800000 -2527.65	-1171.94
9900000 -2537.04	-1152.82
10000000 -2492.73	-1178.2
10100000 -2503.68	-1161.66
10200000 -2546.93	-1180.3
10300000 -2611.38	-1207.53
10400000 -2623.83	-1198.44
10500000 -2768.16	-1186.89
10600000 -3067.05	-1140.71
10700000 -3238.7	-1148.21
10800000 -3208.83	-1146.01
10900000 -3310.85	-1115.55
11000000 -3432.19	-1110.26
11100000 -3677.58	-1108.56
11200000 -3651.19	-1085.22
11300000 -3703.28	-1108.42
11400000 -3692.79	-1120.03
11500000 -3675.61	-1105.96
11600000 -3733.17	-1094.01
11700000 -3707.9	-1087.57
11800000 -3734.28	-1100.93
11900000 -3737.21	-1097.2
12000000 -3702.33	-1107.56
12100000 -3755.25	-1087.98
12200000 -3738	-1086.02
12300000 -3699.2	-1102.88
12400000 -3668.66	-1100.15
12500000 -3712.24	-1112.12
12600000 -3696.59	-1089.24
12700000 -3689.8	-1100.65
12800000 -3703.47	-1111.09
12900000 -3703.38	-1095.48
13000000 -3716.5	-1106.56
13100000 -3769.46	-1114.1
13200000 -3743.99	-1096.39
13300000 -3710.94	-1117.26
13400000 -3786.84	-1087.79
13500000 -3827.89	-1080.9
13600000 -3794.15	-1087.62
13700000 -3800.56	-1083.8
13800000 -3743.11	-1098.22
13900000 -3749.81	-1110.36
14000000 -3752.92	-1123.81
14100000 -3779.95	-1097.51
14200000 -3817.04	-1110.39
14300000 -3761.12	-1096.79
14400000 -3840.53	-1101.75
14500000 -3694.66	-1111.03
14600000 -3784.3	-1104.01
14700000 -3834.08	-1097.93
14800000 -3831.91	-1101.96
14900000 -3853.08	-1095.15
15000000 -3832.58	-1090.65
15100000 -3811.05	-1088.77
15200000 -3835.17	-1078.32
15300000 -3757.16	-1110.42
15400000 -3810.77	-1107.49
15500000 -3836.28	-1098.75
15600000 -3792.58	-1090.23
15700000 -3764.67	-1099.42
15800000 -3802.03	-1099.81
15900000 -3772.69	-1087.95
16000000 -3816.71	-1092.16
16100000 -3776.6	-1093.82
16200000 -3848.7	-1083.43
16300000 -3779.2	-1093.74
16400000 -3795.26	-1094.97
