#step e_adh e_adh_nonbond
0 -262.37	-262.37
100000 -734.858	-224.707
200000 -759.484	-261.787
300000 -743.434	-264.253
400000 -762.335	-251.533
500000 -794.047	-220.26
600000 -791.823	-236.966
700000 -778.586	-237.863
800000 -797.579	-236.215
900000 -788.748	-235.494
1000000 -784.856	-213.731
1100000 -777.987	-226.254
1200000 -785.481	-216.503
1300000 -765.551	-229.041
1400000 -785.214	-225.76
1500000 -782.896	-224.513
1600000 -770.304	-236.568
1700000 -770.945	-235.082
1800000 -780.263	-232.808
1900000 -786.168	-219.842
2000000 -778.332	-219.725
2100000 -774.473	-220.418
2200000 -784.471	-234.966
2300000 -782.059	-220.333
2400000 -776.329	-229.218
2500000 -779.556	-218.431
2600000 -808.39	-213.789
2700000 -796.071	-242.578
2800000 -762.459	-246.866
2900000 -802.841	-227.025
3000000 -778.209	-225.596
3100000 -774.226	-235.096
3200000 -762.845	-223.001
3300000 -777.347	-235.228
3400000 -776.361	-245.057
3500000 -767.021	-233.479
