#step e_adh e_adh_nonbond
0 -3595.68	-3588.86
100000 -9237.04	-1837.79
200000 -9597.42	-1714.2
300000 -9693.78	-1568.47
400000 -9731.92	-1514.67
500000 -9821.59	-1466.1
600000 -9868.11	-1502.39
700000 -9970.63	-1379.74
800000 -10013.7	-1431.34
900000 -9927.34	-1396.76
1000000 -9949.37	-1367.25
1100000 -9898.02	-1368.02
1200000 -10136.8	-1314.11
1300000 -10094.3	-1346.65
1400000 -10177.3	-1346.28
1500000 -10133.8	-1315.26
1600000 -10231.1	-1283.96
1700000 -10065.9	-1357.64
1800000 -10107	-1250
1900000 -10120.4	-1335.92
2000000 -10215.2	-1365.39
2100000 -10050.4	-1299.74
2200000 -10078.4	-1321.1
2300000 -10138.8	-1313.74
2400000 -10119.5	-1298.66
2500000 -10080.9	-1365.43
2600000 -10122.4	-1338.75
2700000 -10118.3	-1326.98
2800000 -10122.1	-1395.19
2900000 -10038.1	-1320.09
3000000 -10088.7	-1310.4
3100000 -10084.6	-1306.54
3200000 -10152.9	-1297.83
3300000 -10146.6	-1334.23
3400000 -10109.5	-1337.29
3500000 -10180.6	-1236.57
3600000 -10169	-1358.52
3700000 -10281.7	-1294.18
3800000 -10173.5	-1337.12
3900000 -10137.9	-1342.71
4000000 -10217.2	-1279.07
4100000 -10132.1	-1307.31
4200000 -10172.4	-1300.65
4300000 -10120.2	-1258.48
4400000 -10197.1	-1367.61
4500000 -10228.9	-1319.84
