#step e_adh e_adh_nonbond
0 -284.58	-284.065
100000 -657.377	-243.114
200000 -740.954	-233.14
300000 -638.011	-237.635
400000 -687.211	-247.533
500000 -649.638	-240.662
600000 -643.603	-248.966
700000 -620.908	-246.825
800000 -638.945	-252.674
900000 -649.081	-243.6
1000000 -643.618	-247.406
1100000 -644.614	-242.341
1200000 -637.234	-240.628
1300000 -630.449	-252.795
1400000 -653.289	-239.593
1500000 -639.964	-237.613
1600000 -630.571	-254.112
1700000 -631.568	-247.283
1800000 -640.455	-242.683
1900000 -653.719	-242.845
2000000 -679.31	-251.258
2100000 -630.068	-249.516
2200000 -618.012	-245.247
2300000 -631.835	-251.149
2400000 -644.249	-242.541
2500000 -628.869	-246.909
2600000 -621.795	-251.241
2700000 -628.78	-250.835
2800000 -682.795	-244.291
2900000 -740.404	-239.975
3000000 -739.472	-245.035
3100000 -675.809	-247.128
3200000 -733.559	-236.982
3300000 -681.693	-258.84
3400000 -695.819	-241.531
3500000 -683.532	-251.507
3600000 -751.634	-240.04
3700000 -683.134	-246.663
3800000 -627.302	-242.129
3900000 -640.771	-248.584
4000000 -745.205	-241.814
4100000 -668.202	-254.699
4200000 -684.731	-237.105
4300000 -634.719	-245.731
4400000 -633.422	-245.408
4500000 -633.95	-239.205
4600000 -635.379	-254.413
4700000 -626.861	-250.62
4800000 -640.546	-242.834
