#step e_adh e_adh_nonbond
0 -2812.04	-2812.04
100000 -10229.4	-1227.98
200000 -10184.9	-1233.09
300000 -10149.7	-1230.26
400000 -10425.9	-1107.97
500000 -10764.7	-998.25
600000 -10706.1	-1042.36
700000 -10738.7	-982.96
800000 -10706.6	-1000.29
900000 -10791.2	-1079.82
1000000 -10710.5	-1082
1100000 -10592.1	-1032.69
1200000 -10753.8	-974.8
1300000 -10673	-1026.09
1400000 -10692.9	-1041.61
1500000 -10685.4	-1049.15
1600000 -10737	-995.25
1700000 -10737.7	-987.13
1800000 -10749.2	-1010.54
1900000 -10605.5	-1055.94
2000000 -10672.1	-1037.01
2100000 -10700.4	-1041.27
2200000 -10726.1	-1043.92
2300000 -10730.3	-1055.37
2400000 -10670.3	-1013.27
2500000 -10668.2	-1013.44
2600000 -10674.4	-1033.89
2700000 -10668.4	-1098.28
2800000 -10735	-1046.77
2900000 -10580.5	-1079.85
3000000 -10711.2	-1066.69
3100000 -10617.8	-1032.06
3200000 -10631.7	-1101.33
3300000 -10640.5	-1058.2
3400000 -10683.4	-1109.28
3500000 -10653.6	-1044.56
3600000 -10679.8	-1064.26
3700000 -10599.9	-1097.92
3800000 -10640.9	-1047.84
3900000 -10706.2	-1005.02
4000000 -10646.8	-1049.08
4100000 -10676.2	-973.89
4200000 -10676.7	-1018.97
4300000 -10673	-1075.66
4400000 -10680.2	-1021.29
