          -10.000000      4.69168355E-06
           -9.970000      2.02217615E-05
           -9.940000      1.99823528E-04
           -9.910000      2.11670616E-03
           -9.880000      8.30807938E-01
           -9.850000      3.73728575E-02
           -9.820000      4.11802825E-02
           -9.790000      5.37915769E-01
           -9.760000      8.57372997E-01
           -9.730000      9.25064162E-02
           -9.700000      8.88776142E-02
           -9.670000      1.28110725E-01
           -9.640000      3.85764059E-01
           -9.610000      9.80059606E-01
           -9.580000      2.01239497E-01
           -9.550000      1.88569535E-01
           -9.520000      1.56589486E-01
           -9.490000      1.95556071E-01
           -9.460000      2.84664788E-01
           -9.430000      7.24514273E-01
           -9.400000      9.85823276E-01
           -9.370000      6.75742398E-01
           -9.340000      3.37317310E-01
           -9.310000      3.32055396E-01
           -9.280000      7.07848104E-01
           -9.250000      3.60167402E-01
           -9.220000      5.59653158E-01
           -9.190000      1.05559119E+00
           -9.160000      1.21814750E+00
           -9.130000      1.07473741E+00
           -9.100000      1.66615949E+00
           -9.070000      7.91905217E-01
           -9.040000      6.03836423E-01
           -9.010000      1.59429501E+00
           -8.980000      1.11357059E+00
           -8.950000      2.45243454E+00
           -8.920000      2.41372692E+00
           -8.890000      1.70414721E+00
           -8.860000      3.06907497E+00
           -8.830000      1.77034243E+00
           -8.800000      2.14549988E+00
           -8.770000      2.27125773E+00
           -8.740000      1.90363426E+00
           -8.710000      2.56323137E+00
           -8.680000      1.57341086E+00
           -8.650000      1.79288219E+00
           -8.620000      3.02947263E+00
           -8.590000      2.78133012E+00
           -8.560000      2.34863943E+00
           -8.530000      2.75558303E+00
           -8.500000      2.36834898E+00
           -8.470000      2.16358160E+00
           -8.440000      2.82018978E+00
           -8.410000      2.45898195E+00
           -8.380000      3.05940668E+00
           -8.350000      3.16652267E+00
           -8.320000      2.69767678E+00
           -8.290000      2.81381532E+00
           -8.260000      3.90234713E+00
           -8.230000      3.32634027E+00
           -8.200000      3.86344005E+00
           -8.170000      3.61086529E+00
           -8.140000      3.79596404E+00
           -8.110000      4.42782453E+00
           -8.080000      4.34879716E+00
           -8.050000      4.56028243E+00
           -8.020000      4.10740058E+00
           -7.990000      3.75187042E+00
           -7.960000      3.49624381E+00
           -7.930000      3.24171496E+00
           -7.900000      4.92587795E+00
           -7.870000      3.37667574E+00
           -7.840000      3.27932621E+00
           -7.810000      2.88006852E+00
           -7.780000      4.14860222E+00
           -7.750000      4.27244059E+00
           -7.720000      3.95211364E+00
           -7.690000      3.21600801E+00
           -7.660000      2.91084291E+00
           -7.630000      3.60583704E+00
           -7.600000      3.21726082E+00
           -7.570000      3.82366076E+00
           -7.540000      4.40138262E+00
           -7.510000      5.24060956E+00
           -7.480000      3.96818676E+00
           -7.450000      4.74842936E+00
           -7.420000      5.07318959E+00
           -7.390000      5.11174877E+00
           -7.360000      5.51344425E+00
           -7.330000      6.08085589E+00
           -7.300000      5.83444266E+00
           -7.270000      6.16962233E+00
           -7.240000      5.76852663E+00
           -7.210000      4.63652303E+00
           -7.180000      4.22404386E+00
           -7.150000      4.31586675E+00
           -7.120000      5.02635747E+00
           -7.090000      5.76787602E+00
           -7.060000      5.81171616E+00
           -7.030000      5.90310565E+00
           -7.000000      5.58151976E+00
           -6.970000      5.32444511E+00
           -6.940000      5.29669258E+00
           -6.910000      5.59857375E+00
           -6.880000      5.18026046E+00
           -6.850000      5.15363172E+00
           -6.820000      5.22521188E+00
           -6.790000      5.43838019E+00
           -6.760000      5.16889853E+00
           -6.730000      5.16667413E+00
           -6.700000      4.76908172E+00
           -6.670000      4.90928701E+00
           -6.640000      5.48820025E+00
           -6.610000      5.73300350E+00
           -6.580000      4.56270624E+00
           -6.550000      4.83027478E+00
           -6.520000      5.11265483E+00
           -6.490000      5.06819233E+00
           -6.460000      4.84817624E+00
           -6.430000      4.35290738E+00
           -6.400000      3.51680402E+00
           -6.370000      4.19764744E+00
           -6.340000      2.59420486E+00
           -6.310000      2.57221844E+00
           -6.280000      3.00122318E+00
           -6.250000      4.53079869E+00
           -6.220000      5.08315776E+00
           -6.190000      5.18529336E+00
           -6.160000      4.57136261E+00
           -6.130000      5.28338847E+00
           -6.100000      5.15149747E+00
           -6.070000      5.15274053E+00
           -6.040000      5.46600144E+00
           -6.010000      4.63344437E+00
           -5.980000      4.10742199E+00
           -5.950000      5.06287792E+00
           -5.920000      5.13810335E+00
           -5.890000      4.47524109E+00
           -5.860000      4.43300571E+00
           -5.830000      3.66523099E+00
           -5.800000      3.94924987E+00
           -5.770000      4.35890950E+00
           -5.740000      4.50113190E+00
           -5.710000      5.28566642E+00
           -5.680000      4.88342205E+00
           -5.650000      4.97543294E+00
           -5.620000      5.71800152E+00
           -5.590000      4.98032049E+00
           -5.560000      5.43794523E+00
           -5.530000      5.51978569E+00
           -5.500000      5.53583847E+00
           -5.470000      6.38167083E+00
           -5.440000      6.08417118E+00
           -5.410000      5.43004217E+00
           -5.380000      5.00625411E+00
           -5.350000      5.18811857E+00
           -5.320000      5.52444680E+00
           -5.290000      5.19312026E+00
           -5.260000      4.56935321E+00
           -5.230000      3.53387359E+00
           -5.200000      4.56313875E+00
           -5.170000      4.43647793E+00
           -5.140000      3.70487282E+00
           -5.110000      3.95837504E+00
           -5.080000      4.79675446E+00
           -5.050000      5.14904844E+00
           -5.020000      4.73106054E+00
           -4.990000      5.20077698E+00
           -4.960000      4.66508128E+00
           -4.930000      4.61260266E+00
           -4.900000      4.60890653E+00
           -4.870000      4.70822493E+00
           -4.840000      4.69667926E+00
           -4.810000      4.58297127E+00
           -4.780000      4.37065865E+00
           -4.750000      4.18401883E+00
           -4.720000      4.73473211E+00
           -4.690000      4.19650642E+00
           -4.660000      4.40692562E+00
           -4.630000      4.89525665E+00
           -4.600000      4.56993301E+00
           -4.570000      4.33420292E+00
           -4.540000      4.02660022E+00
           -4.510000      3.80160951E+00
           -4.480000      3.68292588E+00
           -4.450000      3.65462853E+00
           -4.420000      3.70877294E+00
           -4.390000      3.80075210E+00
           -4.360000      3.70710129E+00
           -4.330000      3.30884145E+00
           -4.300000      3.16681098E+00
           -4.270000      3.19158175E+00
           -4.240000      3.43070560E+00
           -4.210000      4.47774688E+00
           -4.180000      4.74610008E+00
           -4.150000      4.99561020E+00
           -4.120000      4.71231962E+00
           -4.090000      4.05040617E+00
           -4.060000      3.74847985E+00
           -4.030000      3.65454384E+00
           -4.000000      3.64099625E+00
           -3.970000      3.64485813E+00
           -3.940000      3.65338235E+00
           -3.910000      3.70625145E+00
           -3.880000      3.88141473E+00
           -3.850000      4.18960299E+00
           -3.820000      4.45369350E+00
           -3.790000      4.59202254E+00
           -3.760000      4.72935747E+00
           -3.730000      5.02799043E+00
           -3.700000      4.90787549E+00
           -3.670000      4.60591157E+00
           -3.640000      4.26741475E+00
           -3.610000      4.30894264E+00
           -3.580000      4.54329482E+00
           -3.550000      4.83147287E+00
           -3.520000      5.11435846E+00
           -3.490000      5.40898183E+00
           -3.460000      5.77207081E+00
           -3.430000      6.26516952E+00
           -3.400000      6.82554578E+00
           -3.370000      7.06933172E+00
           -3.340000      6.89631398E+00
           -3.310000      6.58847213E+00
           -3.280000      6.31333684E+00
           -3.250000      6.12551942E+00
           -3.220000      6.04376200E+00
           -3.190000      6.06201831E+00
           -3.160000      6.13405423E+00
           -3.130000      6.15930139E+00
           -3.100000      6.05224279E+00
           -3.070000      5.86451203E+00
           -3.040000      5.70279335E+00
           -3.010000      5.55722484E+00
           -2.980000      5.32200286E+00
           -2.950000      5.02646990E+00
           -2.920000      4.83704631E+00
           -2.890000      4.82187443E+00
           -2.860000      4.89191066E+00
           -2.830000      4.97783293E+00
           -2.800000      4.87152792E+00
           -2.770000      4.53208609E+00
           -2.740000      4.26014728E+00
           -2.710000      4.08408699E+00
           -2.680000      4.45189800E+00
           -2.650000      5.12002448E+00
           -2.620000      5.36708844E+00
           -2.590000      4.89460653E+00
           -2.560000      4.69762961E+00
           -2.530000      4.92366011E+00
           -2.500000      4.67283393E+00
           -2.470000      5.08185681E+00
           -2.440000      6.10165712E+00
           -2.410000      6.50659880E+00
           -2.380000      6.32012702E+00
           -2.350000      6.00104731E+00
           -2.320000      5.68114391E+00
           -2.290000      5.48424286E+00
           -2.260000      5.47369262E+00
           -2.230000      5.60839349E+00
           -2.200000      5.76581533E+00
           -2.170000      5.84060471E+00
           -2.140000      5.79801073E+00
           -2.110000      5.57995302E+00
           -2.080000      5.49578915E+00
           -2.050000      5.69020763E+00
           -2.020000      6.06604253E+00
           -1.990000      6.43389753E+00
           -1.960000      6.68670558E+00
           -1.930000      6.81628395E+00
           -1.900000      6.81491791E+00
           -1.870000      6.71335013E+00
           -1.840000      6.60725741E+00
           -1.810000      6.55211301E+00
           -1.780000      6.50308702E+00
           -1.750000      6.40123382E+00
           -1.720000      6.30642697E+00
           -1.690000      6.34773559E+00
           -1.660000      6.66570791E+00
           -1.630000      6.98135420E+00
           -1.600000      6.71531734E+00
           -1.570000      6.87396978E+00
           -1.540000      7.08711735E+00
           -1.510000      7.15517020E+00
           -1.480000      6.86614282E+00
           -1.450000      6.81226616E+00
           -1.420000      6.77381420E+00
           -1.390000      6.93436301E+00
           -1.360000      6.61369378E+00
           -1.330000      6.48564239E+00
           -1.300000      6.73019224E+00
           -1.270000      6.42552507E+00
           -1.240000      6.28800542E+00
           -1.210000      6.28900283E+00
           -1.180000      6.42937408E+00
           -1.150000      6.53719283E+00
           -1.120000      6.50457887E+00
           -1.090000      6.56922394E+00
           -1.060000      6.78182382E+00
           -1.030000      6.88613173E+00
           -1.000000      6.71095491E+00
           -0.970000      6.41417732E+00
           -0.940000      6.14970394E+00
           -0.910000      5.91893496E+00
           -0.880000      5.64790913E+00
           -0.850000      5.42356337E+00
           -0.820000      5.15529583E+00
           -0.790000      5.14914596E+00
           -0.760000      5.35502397E+00
           -0.730000      5.47792086E+00
           -0.700000      5.56464640E+00
           -0.670000      5.69173545E+00
           -0.640000      5.88895251E+00
           -0.610000      5.63305419E+00
           -0.580000      5.83804612E+00
           -0.550000      6.20889220E+00
           -0.520000      6.45121821E+00
           -0.490000      6.57150001E+00
           -0.460000      6.13131742E+00
           -0.430000      6.01858532E+00
           -0.400000      6.07131235E+00
           -0.370000      5.55741998E+00
           -0.340000      5.79864400E+00
           -0.310000      5.97557048E+00
           -0.280000      5.96789279E+00
           -0.250000      6.20316564E+00
           -0.220000      6.58481178E+00
           -0.190000      6.84365650E+00
           -0.160000      6.41258037E+00
           -0.130000      5.75514183E+00
           -0.100000      5.44882078E+00
           -0.070000      5.43407700E+00
           -0.040000      5.55765355E+00
           -0.010000      5.71088442E+00
            0.020000      5.82048770E+00
            0.050000      5.85097464E+00
            0.080000      5.81740216E+00
            0.110000      5.78073504E+00
            0.140000      5.80451210E+00
            0.170000      5.91138527E+00
            0.200000      6.11219027E+00
            0.230000      6.31973988E+00
            0.260000      5.97218121E+00
            0.290000      5.02329724E+00
            0.320000      4.32338420E+00
            0.350000      3.97407253E+00
            0.380000      3.77037118E+00
            0.410000      3.59224999E+00
            0.440000      3.43657480E+00
            0.470000      3.13243974E+00
            0.500000      3.06042825E+00
            0.530000      2.81980091E+00
            0.560000      2.66244446E+00
            0.590000      2.56047106E+00
            0.620000      2.49910080E+00
            0.650000      2.37536226E+00
            0.680000      2.10937869E+00
            0.710000      2.05450733E+00
            0.740000      2.06653367E+00
            0.770000      2.21363424E+00
            0.800000      2.62728984E+00
            0.830000      3.25258669E+00
            0.860000      3.71573445E+00
            0.890000      4.06311969E+00
            0.920000      4.37551018E+00
            0.950000      4.80716027E+00
            0.980000      5.08130495E+00
            1.010000      5.21736385E+00
            1.040000      5.36525098E+00
            1.070000      5.17225856E+00
            1.100000      5.09635476E+00
            1.130000      4.91221666E+00
            1.160000      4.96974961E+00
            1.190000      4.43576376E+00
            1.220000      4.25638384E+00
            1.250000      3.63600682E+00
            1.280000      3.13944038E+00
            1.310000      2.68643310E+00
            1.340000      2.73499305E+00
            1.370000      2.88606225E+00
            1.400000      3.09630653E+00
            1.430000      2.81178982E+00
            1.460000      2.78426083E+00
            1.490000      2.95608816E+00
            1.520000      3.03652688E+00
            1.550000      2.93937358E+00
            1.580000      2.88532341E+00
            1.610000      2.73587984E+00
            1.640000      2.52817921E+00
            1.670000      2.34534717E+00
            1.700000      2.47458139E+00
            1.730000      2.82887975E+00
            1.760000      3.24303521E+00
            1.790000      3.44683357E+00
            1.820000      3.46068441E+00
            1.850000      3.52742727E+00
            1.880000      3.76678306E+00
            1.910000      4.26434151E+00
            1.940000      4.11611169E+00
            1.970000      3.87738079E+00
            2.000000      3.62109472E+00
