#step e_adh e_adh_nonbond
0 -267.226	-268.997
100000 -693.227	-235.395
200000 -682.211	-225.155
300000 -673.617	-240.653
400000 -670.457	-236.766
500000 -679.688	-233.465
600000 -649.343	-238.084
700000 -674.407	-232.783
800000 -681.054	-226.941
900000 -675.546	-217.399
1000000 -670.768	-228.953
1100000 -666.694	-233.871
1200000 -687.901	-225.122
1300000 -681.077	-244.821
1400000 -675.425	-237.317
1500000 -678.333	-231.272
1600000 -669.156	-236.032
1700000 -690.676	-223.06
1800000 -681.181	-231.211
1900000 -678.966	-245.318
2000000 -708.9	-219.708
2100000 -709.151	-215.219
2200000 -709.544	-219.578
2300000 -708.257	-225.273
2400000 -723.304	-216.384
2500000 -718.453	-223.85
2600000 -705.869	-228.197
2700000 -718.234	-208.193
2800000 -727.321	-218.933
2900000 -724.756	-216.206
3000000 -696.838	-233.112
3100000 -719.423	-226.456
3200000 -728.11	-218.323
3300000 -706.978	-220.059
3400000 -727.696	-214.938
3500000 -715.745	-212.887
3600000 -706.496	-218.818
3700000 -720.242	-226.37
3800000 -717.977	-216.325
3900000 -714.9	-224.272
4000000 -724.216	-222.097
4100000 -694.663	-219.656
4200000 -709.698	-218.964
4300000 -729.136	-207.695
4400000 -720.52	-220.222
4500000 -712.833	-212.639
4600000 -710.136	-213.309
4700000 -721.156	-216.883
4800000 -704.047	-214.9
