#step e_adh e_adh_nonbond
0 -1270.07	-1270.08
100000 -4023.56	-938.17
200000 -4057.71	-948.32
300000 -3996.33	-946.32
400000 -4030.2	-949.144
500000 -3975.11	-957.438
600000 -3994.92	-971.166
700000 -3961.02	-974.54
800000 -4001.71	-979.788
900000 -4028.41	-941.18
1000000 -4057.76	-930.55
1100000 -4027.22	-935.71
1200000 -4034.68	-948.43
1300000 -3998.09	-969.237
1400000 -4027.84	-961.875
1500000 -3982.66	-970.851
1600000 -3947.24	-970.399
1700000 -4007.27	-938.42
1800000 -3966.9	-968.412
1900000 -3970.33	-957.726
2000000 -4007.87	-954.532
2100000 -4032.06	-948.209
2200000 -3992.77	-932.6
2300000 -3978.57	-939.63
2400000 -4013.57	-970.596
