#step e_adh e_adh_nonbond
0 -1476.01	-1477.28
100000 -3216.27	-1210.32
200000 -3157.19	-1194.38
300000 -3359.7	-1123.79
400000 -3495.16	-1070.98
500000 -3625.78	-1095.18
600000 -3726.77	-1086.52
700000 -3624.51	-1073.12
800000 -3560.49	-1046.45
900000 -3559.93	-1067.07
1000000 -3589.21	-1062.72
1100000 -3666.45	-1089.58
1200000 -3718.68	-1034.85
1300000 -3730.24	-1004.98
1400000 -3728.46	-1043.2
1500000 -3773.25	-1056.81
1600000 -3782.5	-1040.92
1700000 -3779.71	-1028.01
1800000 -3816.18	-1048.23
1900000 -3797.66	-1033.92
2000000 -3845.69	-1025.86
2100000 -3876.26	-1039.46
2200000 -3865.74	-1012.65
2300000 -3817.93	-1045.81
2400000 -3923.6	-1013.52
2500000 -3845.42	-1075.84
2600000 -3843.04	-1034.05
2700000 -3816.31	-1024.32
2800000 -3760.65	-1018.5
2900000 -3850.33	-1037.43
3000000 -3919.57	-1041.51
3100000 -3924.17	-1008.1
3200000 -3857.19	-1010.13
3300000 -3876.55	-1031.9
3400000 -3835.66	-1020.95
3500000 -3833.1	-1027.81
3600000 -4028.39	-986.951
3700000 -3997.94	-970.853
3800000 -4016.2	-986.28
3900000 -3887.76	-1021.9
4000000 -4023.58	-997.142
4100000 -4042.6	-975.234
4200000 -4028.08	-1008.75
4300000 -4064.3	-973.49
4400000 -4043.29	-968.343
4500000 -4130.48	-929.104
4600000 -4099.59	-961.45
4700000 -4109.05	-954.518
4800000 -4130.55	-939.049
4900000 -4069.97	-959.438
5000000 -4116.52	-969.855
5100000 -4270.88	-967.747
5200000 -4235.43	-979.019
5300000 -4283.45	-957.477
5400000 -4301.32	-940.518
5500000 -4273.44	-918.027
5600000 -4361.11	-934.639
5700000 -4296.92	-925.198
5800000 -4227.58	-948.659
5900000 -4255.98	-949.44
6000000 -4276.07	-967.81
6100000 -4272.84	-936.535
6200000 -4275.13	-942.899
6300000 -4229.8	-938.724
6400000 -4240.24	-916.311
6500000 -4253.69	-944.583
6600000 -4259.63	-944.884
6700000 -4240.82	-977.51
6800000 -4254.17	-951.605
6900000 -4259.73	-946.315
7000000 -4267.86	-940.619
7100000 -4238.14	-918.052
7200000 -4358.44	-930.605
7300000 -4279.42	-921.813
7400000 -4261.21	-946.633
7500000 -4295.97	-919.717
7600000 -4264.74	-915.182
7700000 -4287.41	-918.875
7800000 -4237.58	-903.197
7900000 -4288.3	-898.486
8000000 -4330.99	-877.272
8100000 -4207.6	-854.765
8200000 -4249.16	-887.303
8300000 -4254.91	-868.982
8400000 -4248.45	-898.514
8500000 -4268.76	-828.885
8600000 -4349.73	-862.886
8700000 -4212.63	-843.739
8800000 -4272.23	-839.482
8900000 -4270.25	-861.621
9000000 -4199.94	-828.411
9100000 -4226.89	-850.713
9200000 -4229.9	-861.552
9300000 -4217.2	-848.181
9400000 -4186.85	-864.387
9500000 -4188.8	-885.527
9600000 -4162.54	-853.197
9700000 -4263.38	-823.977
9800000 -4206.76	-855.686
9900000 -4227.53	-891.25
10000000 -4228.08	-834.572
10100000 -4204.07	-867.227
10200000 -4195.77	-831.81
10300000 -4166.12	-850.05
10400000 -4225.02	-845.742
10500000 -4321.82	-859.886
10600000 -4237.89	-858.351
10700000 -4211.74	-872.484
10800000 -4234.85	-847.47
10900000 -4172.6	-823.8
11000000 -4165.95	-849.241
11100000 -4260.62	-805.094
11200000 -4348.2	-853.043
11300000 -4274.31	-848.087
11400000 -4255.65	-843.919
11500000 -4280.26	-842.905
11600000 -4252	-844.255
11700000 -4218.11	-832.101
11800000 -4200.24	-865.825
11900000 -4220.33	-867.329
12000000 -4282.58	-838.139
12100000 -4249.99	-852.206
12200000 -4309.43	-875.908
12300000 -4274.24	-865.787
12400000 -4176.5	-866.237
12500000 -4325.79	-827.628
12600000 -4199.19	-870.433
12700000 -4272.93	-868.325
12800000 -4354.82	-851.981
12900000 -4289.64	-916.249
13000000 -4270.71	-904.108
13100000 -4368.89	-870.135
13200000 -4345.8	-916.205
13300000 -4371.29	-900.219
13400000 -4292.19	-897.795
13500000 -4376.12	-865.675
13600000 -4361.59	-858.263
13700000 -4297.08	-871.363
13800000 -4229.35	-864.102
13900000 -4345.79	-905.545
14000000 -4259.44	-889.758
14100000 -4272.42	-845.111
14200000 -4296.26	-927.601
14300000 -4284.28	-868.45
14400000 -4359.04	-869.875
14500000 -4276.12	-927.8
14600000 -4293.97	-867.438
14700000 -4304.92	-893.761
14800000 -4278.26	-879.23
14900000 -4264.83	-906.967
15000000 -4293.3	-865.318
15100000 -4305.61	-924.014
15200000 -4356.2	-875.44
15300000 -4248.35	-889.462
15400000 -4299.85	-904.112
15500000 -4448.6	-867.935
15600000 -4275.83	-905.553
15700000 -4211.16	-886.748
15800000 -4362.93	-902.742
15900000 -4416.22	-882.019
16000000 -4270.46	-900.285
16100000 -4272.76	-883.861
16200000 -4269.32	-873.338
16300000 -4384.39	-881.815
16400000 -4298.53	-903.021
16500000 -4294.37	-876.107
16600000 -4327.37	-875.274
16700000 -4343.18	-838.805
16800000 -4245.71	-883.862
16900000 -4378.38	-869.069
