#step e_adh e_adh_nonbond
0 -2573.87	-2573.88
100000 -7323.39	-2947.69
200000 -7380.64	-2954.13
300000 -7457.4	-2926.09
400000 -7598.05	-2953.75
500000 -7678.4	-2922.78
600000 -7756.44	-2942.81
700000 -7577.06	-2951.55
800000 -7844.63	-2926.39
900000 -7888.03	-2942.9
1000000 -7927.53	-2924.1
1100000 -8302.1	-2826.18
1200000 -8444.96	-2839
1300000 -8384.82	-2852.47
1400000 -8568.41	-2805.85
1500000 -8583.08	-2790.57
1600000 -8509.66	-2862.1
1700000 -8409.43	-2837.09
1800000 -8497.04	-2854.87
1900000 -8517.69	-2799.14
2000000 -8488.32	-2821.25
2100000 -8506.21	-2812.27
2200000 -8493.72	-2812.88
2300000 -8656.3	-2777.2
2400000 -8497.58	-2789.77
2500000 -8643.37	-2777.42
2600000 -8667.13	-2795.02
2700000 -8665.33	-2774.51
2800000 -8636.7	-2777.97
2900000 -8701.98	-2779.73
3000000 -8504.36	-2843.14
3100000 -8715.84	-2785.91
3200000 -8722.5	-2802.44
3300000 -8696.65	-2804.44
3400000 -8694.47	-2820.22
3500000 -8797.09	-2783.51
3600000 -8829.45	-2765.9
3700000 -8843.23	-2785.44
3800000 -8806.69	-2776.75
3900000 -8851.23	-2768.73
4000000 -8890.05	-2748.58
4100000 -8771.47	-2814.35
4200000 -8733.43	-2829.01
4300000 -8907.03	-2784.8
4400000 -8892.04	-2799.92
4500000 -8804.15	-2788.73
4600000 -8805.75	-2842.46
4700000 -8767.59	-2794.26
4800000 -8872.33	-2779.76
4900000 -8875.72	-2772.19
5000000 -8721.49	-2830.67
5100000 -8842.29	-2791.13
5200000 -8763.23	-2848.13
5300000 -8800.34	-2831.88
5400000 -8710.06	-2874.67
5500000 -8844.62	-2788.84
5600000 -8848.51	-2748.44
5700000 -8904.17	-2835.02
5800000 -8792.53	-2785.13
5900000 -8895	-2806.37
6000000 -8866.52	-2808.78
