#step e_adh e_adh_nonbond
0 -1505.19	-1481.04
100000 -3010.52	-1308.59
200000 -3127.91	-1247.84
300000 -3354.5	-1208.52
400000 -3342.87	-1282.45
500000 -3338.94	-1224.64
600000 -3374.87	-1218.75
700000 -3391.79	-1203.4
800000 -3445.34	-1204.72
900000 -3430.01	-1200.16
1000000 -3561.36	-1138.01
1100000 -3631.68	-1143.57
1200000 -3535.47	-1107.26
1300000 -3678.77	-1140.11
1400000 -3552.09	-1147.87
1500000 -3592.88	-1132.93
1600000 -3601.02	-1109.33
1700000 -3574.21	-1096.55
1800000 -3581.17	-1132.29
1900000 -3711.3	-1111.61
2000000 -3622.64	-1089.33
2100000 -3635.65	-1120.53
2200000 -3589.22	-1070.78
2300000 -3597	-1102.4
2400000 -3502.67	-1066.83
2500000 -3610.83	-1092.04
2600000 -3577.89	-1091.29
2700000 -3600.54	-1066.24
2800000 -3658.48	-1125.82
2900000 -3655.02	-1085.03
3000000 -3662.72	-1068.89
3100000 -3669.61	-1058.03
3200000 -3719.53	-1029.31
3300000 -3722.53	-1037.51
3400000 -3819.16	-1039.12
3500000 -3792.46	-1023.43
3600000 -3761.26	-1039.91
3700000 -3655.33	-1056.58
3800000 -3749	-1020.6
3900000 -3680.79	-1035.31
4000000 -3720.55	-1025.27
4100000 -3733.02	-1061.76
4200000 -3618.89	-1079.06
4300000 -3644.98	-1016.11
4400000 -3646.5	-1060.56
4500000 -3739.58	-1050.1
4600000 -3745.51	-1055.43
4700000 -3650.88	-1032.26
4800000 -3681.06	-1065
4900000 -3728.76	-1052.33
5000000 -3775.04	-1032.33
5100000 -3648.75	-1068
5200000 -3715.03	-1048.76
5300000 -3796.11	-1054.83
5400000 -3807.85	-1042.66
5500000 -3816.23	-1078.11
5600000 -3806.75	-1033.22
5700000 -3779.6	-1052.04
5800000 -3687.65	-1048.09
5900000 -3819.86	-1042.48
6000000 -3758.95	-1029.22
6100000 -3759.79	-1043.46
6200000 -3696.31	-1063.1
6300000 -3786.52	-1066.2
6400000 -3862.39	-1048.98
6500000 -3817.16	-1067.96
6600000 -3826.71	-995.996
6700000 -3878.01	-1039.5
6800000 -3944.59	-1017.43
6900000 -3911.18	-1034.23
7000000 -3926.34	-1014.3
7100000 -3919.93	-1017.1
7200000 -4061.19	-1008.15
7300000 -3806.06	-1025.25
7400000 -3893.51	-1050.99
7500000 -3824.23	-1027.5
7600000 -3928.43	-959.397
7700000 -3942.97	-941.346
7800000 -3978.38	-967.967
7900000 -3972.09	-959.925
8000000 -3955.12	-912.395
8100000 -3865.08	-954.718
8200000 -3933.27	-954.52
8300000 -3919.22	-950.22
8400000 -3915.76	-968.141
8500000 -3945.88	-959.686
8600000 -3989.23	-944.609
8700000 -3940.69	-956.669
8800000 -3907.49	-944.675
8900000 -3913.35	-951.818
9000000 -4049.95	-914.771
9100000 -3988.42	-969.874
9200000 -4001.23	-919.615
9300000 -4025.23	-941.894
9400000 -4080.92	-938.493
9500000 -3969.44	-935.808
9600000 -3970.49	-937.634
9700000 -4038.96	-940.939
9800000 -4051.59	-949.602
9900000 -3935.48	-914.469
10000000 -4050.68	-955.196
10100000 -4052.08	-959.193
10200000 -3947.77	-946.584
10300000 -3949.66	-966.606
10400000 -4069.79	-934.342
10500000 -3999.22	-921.986
10600000 -4100.29	-921.211
10700000 -4089.36	-934.549
10800000 -3992.35	-931.99
10900000 -4076.63	-910.919
11000000 -3991.36	-947.858
11100000 -4040.25	-899.267
11200000 -4019.67	-960.495
11300000 -4110.25	-919.774
11400000 -3974.86	-912.134
11500000 -4051.14	-954.948
11600000 -4050.65	-930.57
11700000 -4035.8	-942.731
11800000 -3979.44	-954.908
11900000 -4018.47	-928.264
12000000 -3962.48	-963.233
12100000 -4044.35	-953.057
12200000 -4023.15	-931.118
12300000 -4099.65	-936.307
12400000 -4033.27	-948.776
12500000 -4019.84	-958.302
12600000 -3952.31	-935.315
12700000 -3964.96	-971.659
12800000 -4110.65	-958.564
12900000 -4010.03	-956.962
13000000 -4093.32	-961.136
13100000 -4056.4	-944.524
13200000 -4083.68	-950.924
13300000 -4034.92	-958.151
13400000 -4066.49	-971.675
13500000 -4037.92	-984.93
13600000 -3997.35	-985.272
13700000 -4067.01	-969.499
13800000 -4062.57	-975.405
13900000 -3970.32	-971.408
14000000 -4011.83	-995.321
14100000 -4087.81	-957.076
14200000 -4050.69	-975.322
14300000 -4065.17	-963.545
14400000 -4079.62	-956.943
14500000 -4120.61	-992.947
14600000 -4040.6	-982.82
14700000 -4094.54	-922.324
14800000 -3958.91	-961.791
14900000 -4114.48	-996.081
15000000 -4017.91	-999.252
15100000 -3990.45	-991.464
15200000 -4098.16	-981.079
15300000 -4106.43	-992.861
15400000 -4064.3	-980.59
15500000 -4014.1	-989.076
15600000 -4067.01	-969.119
15700000 -4024.94	-963.008
15800000 -4065.37	-944.682
15900000 -4004.45	-981.28
16000000 -3969.53	-979.038
16100000 -4090.41	-1000.34
16200000 -4016.42	-971.263
16300000 -4040.93	-989.377
16400000 -4070.44	-997.41
16500000 -4088.43	-986.398
16600000 -4067.75	-994.042
