#step e_adh e_adh_nonbond
0 -1562.18	-1474.74
100000 -3117.02	-1171.17
200000 -3134.76	-1158.45
300000 -3236.1	-1148.28
400000 -3313.69	-1159.15
500000 -3333.97	-1128.88
600000 -3375.98	-1128.9
700000 -3476.6	-1119.8
800000 -3468.4	-1109.13
900000 -3505.64	-1088.13
1000000 -3653.42	-1059.81
1100000 -3699.11	-1068.19
1200000 -3624.6	-1066.69
1300000 -3757.2	-1054.66
1400000 -3723.08	-1038.28
1500000 -3797.99	-1036.64
1600000 -3750.29	-1045.07
1700000 -3785.6	-1036.63
1800000 -3793.9	-1014.91
1900000 -3825.9	-1019.94
2000000 -3761.41	-1016.32
2100000 -3799.21	-1024.11
2200000 -3807.98	-1011.27
2300000 -3775.7	-1008.82
2400000 -3835.51	-1054.92
2500000 -3793.17	-1000.06
2600000 -3745.79	-1015.69
2700000 -3900.64	-971.708
2800000 -3946.71	-994.534
2900000 -3894.31	-996.161
3000000 -3957.09	-987.77
3100000 -3984.78	-984.52
3200000 -4011.87	-992.206
3300000 -3972.96	-984.191
3400000 -4006.43	-969.347
3500000 -4096.3	-974.736
3600000 -4106.64	-962.6
3700000 -4133.73	-935.264
3800000 -4100.14	-974.704
3900000 -4182.08	-932.436
4000000 -4171.7	-973.69
4100000 -4200.21	-950.932
4200000 -4165.14	-936.003
4300000 -4128.64	-997.264
4400000 -4163.75	-965.306
4500000 -4157.36	-951.644
4600000 -4216.66	-957.709
4700000 -4233.88	-994.153
4800000 -4204.03	-941.341
4900000 -4167.32	-946.13
5000000 -4213.48	-976.212
5100000 -4168.46	-955.369
5200000 -4118.45	-984.148
5300000 -4174.21	-953.757
5400000 -4187.34	-961.81
5500000 -4166.52	-970.349
5600000 -4170.11	-949.748
5700000 -4176.28	-929.123
5800000 -4146.27	-935.185
5900000 -4189.21	-952.853
6000000 -4194.4	-943.085
6100000 -4206.55	-957.151
6200000 -4217.17	-945.602
6300000 -4160.33	-959.083
6400000 -4207.12	-923.429
6500000 -4164.08	-973.12
6600000 -4254.71	-947.588
6700000 -4195.55	-928.825
6800000 -4170.63	-923.046
6900000 -4191.02	-959.931
7000000 -4227.33	-947.197
7100000 -4260.56	-951.023
7200000 -4174.67	-914.973
7300000 -4216.27	-895.819
7400000 -4169.48	-946.658
7500000 -4281.43	-913.818
7600000 -4300.63	-880.596
7700000 -4148.61	-909.853
7800000 -4241.47	-882.767
7900000 -4230.54	-894.19
8000000 -4210.94	-910.422
8100000 -4220.24	-881.39
8200000 -4201.33	-874.396
8300000 -4299.62	-849.183
8400000 -4293.52	-835.821
8500000 -4303.08	-872.795
8600000 -4313.2	-837.01
8700000 -4292.72	-864.455
8800000 -4368.41	-859.046
8900000 -4300.68	-871.699
9000000 -4282.3	-845.354
9100000 -4314.9	-842.616
9200000 -4320.51	-852.618
9300000 -4308.61	-857.727
9400000 -4307.25	-883.387
9500000 -4280.84	-862.491
9600000 -4280.97	-887.102
9700000 -4277.92	-837.126
9800000 -4343.73	-874.991
9900000 -4309.47	-848.32
10000000 -4295.07	-853.253
10100000 -4312.56	-870.259
10200000 -4296.66	-849.183
10300000 -4269.7	-872.844
10400000 -4275.73	-825.605
10500000 -4330.83	-863.93
10600000 -4258.39	-855.102
10700000 -4342.11	-861.509
10800000 -4426.59	-833.903
10900000 -4215.12	-852.96
11000000 -4288.87	-887.563
11100000 -4319.29	-845.001
11200000 -4344.45	-842.868
11300000 -4267.1	-825.373
11400000 -4350.46	-872.707
11500000 -4289.65	-877.046
11600000 -4261.44	-861.407
11700000 -4291.95	-844.539
11800000 -4257.09	-869.857
11900000 -4310.13	-852.634
12000000 -4341.14	-846.913
12100000 -4270.66	-856.169
12200000 -4300.65	-882.337
12300000 -4246.47	-914.652
12400000 -4315.47	-862.85
12500000 -4372.66	-882.801
12600000 -4327.11	-885.247
12700000 -4343.93	-883.736
12800000 -4322.63	-922.051
12900000 -4318.82	-903.001
13000000 -4359.3	-886.811
13100000 -4361.32	-909.532
13200000 -4379.56	-899.162
13300000 -4319.03	-897.639
13400000 -4285.03	-892.379
13500000 -4324.71	-926.355
13600000 -4339.87	-910.497
13700000 -4382.72	-905.846
13800000 -4357.37	-931.631
13900000 -4351.48	-881.354
14000000 -4335.83	-892.13
14100000 -4350.88	-914.274
14200000 -4292.33	-908.605
14300000 -4301.01	-892.997
14400000 -4300.84	-923.428
14500000 -4301.8	-880.356
14600000 -4278.15	-930.81
14700000 -4320.82	-925.723
14800000 -4310.34	-878.077
14900000 -4351.2	-891.842
15000000 -4271.7	-928.202
15100000 -4288.1	-912.511
15200000 -4308.33	-907.381
15300000 -4350.71	-868.038
15400000 -4324.45	-900.042
15500000 -4342.09	-913.555
15600000 -4364.2	-900.867
15700000 -4311.38	-932.541
15800000 -4343.32	-875.194
15900000 -4305.81	-894.496
16000000 -4318.02	-882.858
16100000 -4279.67	-863.321
16200000 -4287.3	-927.964
16300000 -4317.31	-917.593
16400000 -4325.46	-921.25
