#step e_adh e_adh_nonbond
0 -269.465	-269.413
100000 -683.982	-295.548
200000 -674.429	-300.081
300000 -703.295	-297.784
400000 -917.336	-253.358
500000 -941.512	-263.078
600000 -932.11	-261.923
700000 -929.993	-247.037
800000 -934.625	-258.407
900000 -950.029	-257.421
1000000 -946.713	-253.268
1100000 -932.78	-260.549
1200000 -913.309	-257.444
1300000 -925.688	-263.42
1400000 -931.377	-246.904
1500000 -925.791	-257.071
1600000 -921.138	-263.418
1700000 -936.83	-260.386
1800000 -936.857	-259.559
1900000 -929.317	-258.234
2000000 -916.757	-258.493
2100000 -930.074	-258.409
2200000 -918.799	-262.028
2300000 -943.395	-248.033
2400000 -919.95	-256.052
2500000 -953.527	-259.413
2600000 -943.33	-254.113
2700000 -970.866	-250.766
2800000 -925.723	-249.938
2900000 -921.995	-260.223
3000000 -957.79	-256.175
3100000 -951.184	-252.576
3200000 -937.839	-242.37
3300000 -898.231	-252.272
3400000 -942.834	-266.554
3500000 -908.102	-256.646
