#step e_adh e_adh_nonbond
0 -264.279	-263.926
100000 -744.644	-259.822
200000 -731.081	-244.807
300000 -739.945	-237.37
400000 -711.355	-248.646
500000 -770.257	-250.297
600000 -774.397	-243.403
700000 -756.611	-244.607
800000 -760.287	-248.082
900000 -761.637	-249.048
1000000 -764.187	-250.259
1100000 -804.737	-237.984
1200000 -793.718	-227.911
1300000 -886.249	-238.21
1400000 -949.879	-235.369
1500000 -844.194	-223.116
1600000 -851.994	-229.884
1700000 -959.97	-237.163
1800000 -964.808	-243.519
1900000 -1025.75	-241.35
2000000 -1004.56	-249.777
2100000 -1029.81	-242.697
2200000 -1047.08	-248.097
2300000 -1007.95	-238.026
2400000 -1020.58	-251.577
2500000 -1030.99	-230.475
2600000 -1024.72	-232.054
2700000 -1011.01	-231.979
2800000 -1030.52	-241.506
2900000 -1006.9	-237.899
3000000 -1023.89	-237.253
3100000 -1036.62	-234.337
3200000 -1029.2	-238.956
3300000 -1036.09	-232.373
3400000 -1007.26	-255.122
3500000 -1040.58	-245.648
3600000 -1039.4	-243.06
