#step e_adh e_adh_nonbond
0 -1965.63	-1965.63
100000 -6889.16	-1709.9
200000 -6812.97	-1699
300000 -6981.57	-1633.67
400000 -7015.33	-1657.15
500000 -7129.77	-1592.09
600000 -7105.27	-1597.09
700000 -7096.73	-1623.5
800000 -7174.46	-1580.29
900000 -7154	-1566.56
1000000 -7146.03	-1539.79
1100000 -7113.13	-1552.09
1200000 -7200.59	-1514.45
1300000 -7311.75	-1575.59
1400000 -7284.64	-1522.39
1500000 -7252.95	-1550.61
1600000 -7204.9	-1485.48
1700000 -7300.78	-1497
1800000 -7312.55	-1535.72
1900000 -7282.92	-1504.6
2000000 -7294.93	-1537.26
2100000 -7289.5	-1500.49
2200000 -7244.32	-1582.75
2300000 -7224.95	-1507.7
2400000 -7230.06	-1473.69
2500000 -7291.52	-1543.49
