#step e_adh e_adh_nonbond
0 -1539.8	-1500.24
100000 -3196.99	-1216.3
200000 -3375.96	-1161.92
300000 -3327.37	-1152.17
400000 -3439.12	-1157.11
500000 -3437.95	-1087.57
600000 -3475.62	-1145.47
700000 -3532.43	-1087.85
800000 -3627.12	-1074.68
900000 -3596.78	-1059.63
1000000 -3613.26	-1048.01
1100000 -3726.76	-1050.81
1200000 -3592.14	-1051.09
1300000 -3589.36	-1054.04
1400000 -3729.48	-1037.09
1500000 -3716.58	-1066.71
1600000 -3701.96	-1069.84
1700000 -3705.15	-1051.06
1800000 -3717.38	-1048.35
1900000 -3678.69	-1058.94
2000000 -3747.46	-1017.48
2100000 -3765.7	-1061.91
2200000 -3762.34	-1025.14
2300000 -3741.96	-1035.13
2400000 -3783.31	-1054.22
2500000 -3712.62	-1033.89
2600000 -3759.95	-1026.66
2700000 -3811.28	-1041.15
2800000 -3928.88	-978.172
2900000 -3835.79	-986.234
3000000 -3900.41	-986.721
3100000 -3846.95	-962.537
3200000 -3910.96	-978.006
3300000 -3930.77	-960.178
3400000 -3931.79	-1026.91
3500000 -3844.23	-990.394
3600000 -3892.02	-1004.82
3700000 -3967.48	-979.102
3800000 -3874.56	-982.126
3900000 -3961.67	-986.159
4000000 -3855.66	-1025.37
4100000 -3919.87	-995.652
4200000 -3903	-981.845
4300000 -3966.71	-984.748
4400000 -3983.46	-967.138
4500000 -3896.53	-976.636
4600000 -3896.05	-976.152
4700000 -3932.4	-1005.84
4800000 -3943.9	-975.15
4900000 -3944.66	-965.578
5000000 -3937.25	-948.166
5100000 -3939.65	-1018.67
5200000 -3976.45	-957.842
5300000 -3972.75	-967.041
5400000 -3927.16	-973.998
5500000 -4007.74	-970.091
5600000 -4065.97	-931.908
5700000 -4059.4	-952.632
5800000 -4039.15	-964.5
5900000 -4014.72	-960.4
6000000 -3973.23	-964.484
6100000 -4001.24	-943.579
6200000 -4016.23	-976.707
6300000 -4023.96	-934.237
6400000 -3986.51	-959.163
6500000 -3967.96	-962.066
6600000 -3988.41	-964.667
6700000 -3978.9	-964.774
6800000 -4007.31	-960.544
6900000 -3948.85	-940.91
7000000 -4021.42	-982.011
7100000 -4182.6	-905.664
7200000 -4078.06	-958.086
7300000 -4154.88	-938.61
7400000 -4211.42	-899.632
7500000 -4099.61	-883.503
7600000 -4114.51	-851.007
7700000 -4140.68	-907.133
7800000 -4078.88	-836.428
7900000 -4070.68	-897.34
8000000 -4154.62	-847
8100000 -4012.15	-819.378
8200000 -4091.88	-842.728
8300000 -4131.25	-868.165
8400000 -4080.35	-823.103
8500000 -4158.57	-864.58
8600000 -4121.24	-859.955
8700000 -4103.14	-826.847
8800000 -4144.95	-877.834
8900000 -4138.07	-850.697
9000000 -4127.8	-860.827
9100000 -4257.15	-875.908
9200000 -4180.57	-816.537
9300000 -4152.86	-857.718
9400000 -4099.52	-828.084
9500000 -4243.11	-853.56
9600000 -4187.74	-837.022
9700000 -4107.73	-883.119
9800000 -4069.54	-857.014
9900000 -4156.02	-843.235
10000000 -4117.48	-853.031
10100000 -4156.46	-865.899
10200000 -4158.79	-857.794
10300000 -4156.33	-846.16
10400000 -4135.95	-842.806
10500000 -4133.95	-845.663
10600000 -4151.06	-868.28
10700000 -4123.43	-832.438
10800000 -4151.11	-858.211
10900000 -4096.46	-850.046
11000000 -4231.04	-853.074
11100000 -4173.69	-848.705
11200000 -4123.1	-872.804
11300000 -4096.96	-872.097
11400000 -4153.85	-835.438
11500000 -4200.99	-866.831
11600000 -4200.91	-817.136
11700000 -4040.15	-892.131
11800000 -4172.83	-878.349
11900000 -4285.1	-885.282
12000000 -4288.49	-828.874
12100000 -4236.16	-818.129
12200000 -4228.89	-830.049
12300000 -4226.56	-902.928
12400000 -4230.37	-877.847
12500000 -4121.05	-855.437
12600000 -4262.19	-842.228
12700000 -4208.94	-884.45
12800000 -4145.43	-909.926
12900000 -4203.58	-871.005
13000000 -4131.34	-889.157
13100000 -4139.21	-932.751
13200000 -4182.23	-863.251
13300000 -4234.09	-876.347
13400000 -4218.73	-891.074
13500000 -4184.34	-896.431
13600000 -4330.69	-893.01
13700000 -4274.11	-882.194
13800000 -4268.22	-858.157
13900000 -4279.47	-883.252
14000000 -4258.78	-868.139
14100000 -4363.37	-905.479
14200000 -4260.78	-875.862
14300000 -4242.89	-888.777
14400000 -4293.22	-887.073
14500000 -4268.69	-906.52
14600000 -4229.98	-893.44
14700000 -4207.2	-918.715
14800000 -4304.84	-873.873
14900000 -4254.17	-874.927
15000000 -4257.47	-895.931
15100000 -4256.27	-882.092
15200000 -4298.87	-924.78
15300000 -4276.14	-897.706
15400000 -4336.11	-906.69
15500000 -4255.19	-855.438
15600000 -4315.56	-896.62
15700000 -4443.95	-860.221
15800000 -4408.28	-901.191
15900000 -4426.11	-888.091
16000000 -4475.26	-896.578
16100000 -4453.3	-884.637
16200000 -4427.71	-914.612
16300000 -4436.42	-886.545
16400000 -4450.04	-861.199
16500000 -4506.24	-846.953
16600000 -4462.46	-893.062
16700000 -4515.36	-865.449
16800000 -4398.45	-886.486
