#step e_adh e_adh_nonbond
0 -2367.94	-2367.94
100000 -7424.23	-1411.78
200000 -7431.5	-1398.01
300000 -7397.39	-1405.59
400000 -7405.05	-1379.06
500000 -7420.34	-1427.09
600000 -7447.83	-1388.54
700000 -7338.11	-1453.58
800000 -7415.11	-1437.69
900000 -7447.99	-1409.89
1000000 -7403.92	-1415.94
1100000 -7405.2	-1382.28
1200000 -7370.07	-1349.82
1300000 -7438.48	-1388.23
1400000 -7420.95	-1407.21
1500000 -7341.59	-1425.38
1600000 -7459.42	-1385.79
1700000 -7430.68	-1418.37
1800000 -7416.38	-1415.84
1900000 -7372.81	-1402.88
2000000 -7449.48	-1393.45
2100000 -7435.05	-1416.16
2200000 -7440.81	-1406
2300000 -7439.58	-1405.38
2400000 -7375.92	-1421.85
2500000 -7409.89	-1420.82
2600000 -7379.06	-1408.09
2700000 -7398.48	-1389.48
