#step e_adh e_adh_nonbond
0 -2853.72	-2853.72
100000 -7546.83	-1318.01
200000 -7537.35	-1277.43
300000 -7806.35	-1241.78
400000 -7735.13	-1193.27
500000 -7782.62	-1209.01
600000 -7864.72	-1210.47
700000 -7910.94	-1100.79
800000 -7858.23	-1154.42
900000 -7963.5	-1126.34
1000000 -7977.76	-1155.75
1100000 -7912.52	-1157.28
1200000 -7903.74	-1141.13
1300000 -7943.72	-1168.03
1400000 -7962.97	-1210.71
1500000 -8088.97	-1127.66
1600000 -8067.49	-1186.05
1700000 -8008	-1108.81
1800000 -8009.5	-1201.3
1900000 -8054.03	-1194.3
2000000 -8068.54	-1151.95
2100000 -8024.76	-1199.71
2200000 -8119.26	-1090.83
2300000 -8063.46	-1106.1
2400000 -8070.57	-1146.59
