#step e_adh e_adh_nonbond
0 -267.141	-267.141
100000 -765.842	-169.371
200000 -741.972	-155.567
300000 -770.233	-145.46
400000 -747.489	-141.613
500000 -696.069	-172.918
600000 -779.411	-162.401
700000 -715.955	-175.323
800000 -751.774	-176.057
900000 -796.06	-136.44
1000000 -767.875	-166.409
1100000 -797.782	-161.901
1200000 -812.83	-160.269
1300000 -804.03	-161.969
1400000 -811.127	-165.267
1500000 -814.928	-176.905
1600000 -830.72	-149.253
1700000 -799.294	-171.311
1800000 -783.336	-176.41
1900000 -815.775	-156.319
2000000 -814.073	-161.008
2100000 -811.587	-165.854
2200000 -814.005	-161.172
2300000 -793.888	-171.006
2400000 -800.721	-163.438
2500000 -810.156	-166.48
2600000 -810.795	-164.423
2700000 -794.02	-166.602
2800000 -799.526	-163.808
2900000 -792.819	-167.401
3000000 -813.985	-155.391
3100000 -800.339	-157.745
3200000 -806.742	-160.332
3300000 -802.709	-156.96
3400000 -815.893	-156.141
3500000 -817.301	-159.295
3600000 -811.068	-151.511
3700000 -802.004	-163.169
3800000 -802.427	-162.227
3900000 -813.114	-160.72
4000000 -801.451	-162.729
4100000 -795.768	-166.284
4200000 -793.28	-162.969
4300000 -804.89	-163.601
4400000 -805.778	-161.243
4500000 -803.085	-169.196
4600000 -814.686	-162.008
4700000 -804.501	-170.471
