do setup
do iters
do force
do relax
do cell
setup data:
title3
 MOF-5 unit cell with 424 atoms
 Structure at strain = 30%
 Under external uniaxial stress
functional
 LDA
dimension of system
 3
coordinates
 LATTICE
primitive lattice vectors
 48.237145584      0.0     0.0
 0.0      48.237145584     0.0
 0.0      0.0     33.78054960965
grid dimensions
 160 160 160
atom types
 4
atom file
 C.lda.atm
atom file
 H.lda.atm
atom file
 O.lda.atm
atom file
 Zn.lda.atm
number of atoms in unit cell
 424
atom, type, position vector
      1            4            0.2534127668    0.0703616981    0.3671052391
      2            3            0.2178133220    0.1102369760    0.4442821319
      3            3            0.2446286474    0.1113285285    0.2764983681
      4            1            0.2043702685    0.1409664918    0.2746337348
      5            1            0.2571468287    0.2069116610    0.2068296196
      6            1            0.2087499967    0.1910358461    0.2344262572
      7            2            0.2905444838    0.1803720581    0.2126100336
      8            4            0.1797473303    0.0651562433    0.5128356818
      9            3            0.1978466262    0.9935060400    0.4922259447
     10            1            0.2156827134    0.9736102859    0.4319585956
     11            3            0.2318711451   -0.0014329538    0.3748997689
     12            3            0.1617194409    0.1311836085    0.3092648860
     13            4            0.1656413886    0.1593687757    0.4106776932
     14            4            0.2718032702    0.1529741331    0.4872806021
     15            3            0.2702810597    0.1231921747    0.5867766102
     16            3            0.1859621125    0.1018722445    0.6083038821
     17            3            0.1041841175    0.0719863134    0.4993032101
     18            3            0.1003960164    0.1566452081    0.4613291689
     19            3            0.1916598632    0.2302245086    0.4050123803
     20            3            0.2555962143    0.2264521569    0.4929271814
     21            3            0.3370797131    0.1461748621    0.4384139400
     22            1            0.3564469443    0.1050143510    0.4086229417
     23            3            0.3301902732    0.0676810304    0.3804412970
     24            1            0.4142620649    0.1029911237    0.4085840121
     25            1            0.4408802405    0.1449539072    0.4407565544
     26            1            0.4947119521    0.1451793892    0.4430692471
     27            1            0.5227661899    0.1033401167    0.4133509265
     28            1            0.5805622762    0.1053306972    0.4164614265
     29            3            0.5997952065    0.1471379599    0.4445305852
     30            4            0.6680742051    0.1585459923    0.4830308783
     31            4            0.6821994141    0.0654585645    0.3740531247
     32            3            0.6064716838    0.0667585966    0.3913830449
     33            1            0.4963470171    0.0611035154    0.3816231634
     34            1            0.4421422167    0.0609355486    0.3790955908
     35            2            0.4204796578    0.0281860068    0.3545845010
     36            2            0.5193012585    0.0285110117    0.3592000462
     37            2            0.5163838835    0.1777238611    0.4679163439
     38            2            0.4179138924    0.1772506989    0.4637828777
     39            1            0.2185001830    0.9157609585    0.4281523574
     40            1            0.1653399234    0.2239287769    0.2300483121
     41            2            0.1281293314    0.2101944216    0.2531625342
     42            1            0.2059495391    0.8858392282    0.4907413964
     43            1            0.2350824067    0.8913482602    0.3625687186
     44            2            0.1931013027    0.9058991972    0.5415732253
     45            2            0.2440198651    0.9156745567    0.3138657692
     46            4            0.7716925249    0.1527765060    0.3979253201
     47            3            0.7190079245    0.1097979844    0.4442368697
     48            3            0.7707759193    0.1188532261    0.3002837935
     49            1            0.7270240263    0.1282735413    0.2681228435
     50            1            0.7666274591    0.2070927491    0.2105288593
     51            1            0.7222875801    0.1767129691    0.2239839457
     52            2            0.8048312408    0.1915301541    0.2270370002
     53            4            0.7547906951    0.0671768900    0.5184515400
     54            3            0.8311993996    0.0722942056    0.5006679954
     55            1            0.8565457736    0.1120771065    0.4789498276
     56            3            0.8370539115    0.1526715343    0.4474176088
     57            3            0.6862779032    0.1000821233    0.2771121188
     58            3            0.6708982977    0.1304935346    0.5843141697
     59            3            0.7543632591    0.1097940669    0.6098125045
     60            3            0.7430920460   -0.0064662674    0.5026073786
     61            3            0.7043547924    0.9947201746    0.3880776399
     62            3            0.6908543474    0.2307267807    0.4821752085
     63            1            0.7204417336    0.2500851154    0.4316865171
     64            3            0.7467293722    0.2237353344    0.3842895484
     65            1            0.7248279993    0.3075645535    0.4274582189
     66            1            0.7138962420    0.3382158966    0.4899645164
     67            1            0.7193541703    0.3919904299    0.4858656289
     68            1            0.7347106521    0.4154889600    0.4190694914
     69            1            0.7394749574    0.4731893033    0.4147034987
     70            3            0.7262331997    0.4990652034    0.4726362523
     71            4            0.7089213932    0.5721069552    0.4808849600
     72            4            0.7786984362    0.5619197001    0.3314237250
     73            3            0.7563537856    0.4920185180    0.3533148176
     74            1            0.7451793605    0.3847699606    0.3564014968
     75            1            0.7407434820    0.3309420047    0.3607753196
     76            2            0.7489383190    0.3059909196    0.3122739878
     77            2            0.7567562926    0.4039966405    0.3042743903
     78            2            0.7118330832    0.4170097209    0.5343192404
     79            2            0.7017140040    0.3189681541    0.5418785257
     80            1            0.9139351416    0.1128642479    0.4878536633
     81            1            0.6728247532    0.1948867265    0.2041276321
     82            2            0.6387467494    0.1703683201    0.2164061950
     83            1            0.9411036176    0.0676104570    0.5071283007
     84            1            0.9408784340    0.1590203692    0.4723353949
     85            2            0.9187832226    0.0320561856    0.5193337655
     86            2            0.9183463110    0.1939346692    0.4576426064
     87            4            0.2785304415    0.8986229984    1.0159423408
     88            3            0.2437760721    0.8546547806    0.9427007950
     89            3            0.2710065510    0.8586147473    1.1083455609
     90            1            0.2306353328    0.8294108138    1.1130251938
     91            1            0.2845508432    0.7591921176    1.1698479392
     92            1            0.2353199533    0.7789848114    1.1522417686
     93            2            0.3190039092    0.7835512550    1.1592370915
     94            4            0.2073561237    0.8960250072    0.8680425775
     95            3            0.2227256981    0.9686525528    0.8844025151
     96            1            0.2343854046   -0.0089754634    0.9459566031
     97            3            0.2527942195    0.9689405863    1.0041236697
     98            3            0.1870213035    0.8392256800    1.0808193741
     99            4            0.1902199079    0.8090961452    0.9809292318
    100            4            0.2962122210    0.8082845790    0.9038630139
    101            3            0.2951837603    0.8319465461    0.8005162020
    102            3            0.2107590371    0.8524830565    0.7784539514
    103            3            0.1310160553    0.8946190133    0.8874111220
    104            3            0.1251561707    0.8114142668    0.9307964595
    105            3            0.2124004671    0.7372324530    0.9882290093
    106            3            0.2769282106    0.7349049595    0.9012210390
    107            3            0.3618927819    0.8207726962    0.9495463976
    108            1            0.3811361000    0.8636876226    0.9739302973
    109            3            0.3549058646    0.9016860345    1.0003339117
    110            1            0.4388642897    0.8670184823    0.9699597299
    111            1            0.4652988482    0.8239917094    0.9404718850
    112            1            0.5189489681    0.8246834850    0.9341423812
    113            1            0.5471580840    0.8682922228    0.9577999616
    114            1            0.6048158568    0.8665481412    0.9502092773
    115            3            0.6224721932    0.8267870942    0.9149342807
    116            4            0.6900683721    0.8150051205    0.8745462607
    117            4            0.7081202961    0.8982483813    0.9968745082
    118            3            0.6321842510    0.9028555236    0.9786959036
    119            1            0.5209818503    0.9114320333    0.9874593128
    120            1            0.4668546705    0.9109126342    0.9932520131
    121            2            0.4453602689    0.9444794557    1.0157211776
    122            2            0.5439488169    0.9453315183    1.0054909760
    123            2            0.5404273239    0.7914664328    0.9108340924
    124            2            0.4423503255    0.7901276948    0.9225998492
    125            1            0.2261832784    0.0483121817    0.9499068536
    126            1            0.1903882710    0.7489880922    1.1631724060
    127            2            0.1525260880    0.7658364563    1.1476909002
    128            1            0.2048913063    0.0748418947    0.8890117543
    129            1            0.2403197443    0.0756846175    1.0142197832
    130            2            0.1941085013    0.0523322690    0.8393043398
    131            2            0.2561605143    0.0538090560    1.0616990474
    132            1            0.0796577779    0.1138154560    0.4838635081
    133            1           -0.0052143910    0.1595424276    0.4738017069
    134            1            0.0221178743    0.1137483105    0.4901207880
    135            2            0.0170369417    0.1949472275    0.4606875738
    136            1            0.2262321080    0.2509026141    0.4471151014
    137            1            0.2328087480    0.3080472459    0.4421647008
    138            1            0.2556086169    0.3354213405    0.5011517641
    139            1            0.2607589712    0.3891706047    0.4968250691
    140            1            0.2441405040    0.4155199915    0.4329277508
    141            1            0.2480542058    0.4731712748    0.4282093864
    142            3            0.2677346983    0.4972139168    0.4839571468
    143            4            0.2837205512    0.5708005189    0.4919748994
    144            4            0.2087151314    0.5641840873    0.3508327344
    145            3            0.2308304229    0.4938738476    0.3683197015
    146            1            0.2224125275    0.3878745466    0.3733403281
    147            1            0.2162122932    0.3343093308    0.3781720331
    148            2            0.1988893657    0.3117598694    0.3322466364
    149            2            0.2102069182    0.4096051859    0.3235982819
    150            2            0.2774204393    0.4119049051    0.5428838208
    151            2            0.2683088863    0.3136287514    0.5506947865
    152            1           -0.0047769229    0.0679948135    0.5079036788
    153            2            0.0178268630    0.0326981034    0.5205136118
    154            4            0.6934033716    0.6568675610    0.3656840216
    155            3            0.7461952006    0.6094079551    0.4029181600
    156            3            0.6873941177    0.6188135262    0.2709348526
    157            1            0.7295808344    0.6282916131    0.2348613180
    158            1            0.6891777114    0.7103824530    1.1892344244
    159            1            0.7335382515    0.6789097288    1.1958178493
    160            2            0.6515390890    0.6949039312    0.2084332379
    161            4            0.8013044108    0.6539621690    0.4378100626
    162            3            0.7827166355    0.7271464340    0.4458041733
    163            1            0.7476970073    0.7504405833    0.4077296036
    164            3            0.7161728478    0.7286173150    0.3618614325
    165            3            0.7695287761    0.5982622302    0.2359801072
    166            3            0.7175753243    0.6177518645    0.5675520879
    167            3            0.8023841591    0.6363228871    0.5433532221
    168            3            0.8624389925    0.6458295666    0.3792303295
    169            3            0.8559608101    0.5612565092    0.3424636330
    170            3            0.6322707866    0.5731008650    0.4653073220
    171            1            0.6069961659    0.6123435628    0.4408264906
    172            3            0.6274965868    0.6540007623    0.4141186503
    173            1            0.5492053690    0.6116973423    0.4421781917
    174            1            0.5214949988    0.5670452470    0.4628069495
    175            1            0.4673344461    0.5677533797    0.4626212289
    176            1            0.4406897353    0.6130475677    0.4417322555
    177            1            0.3828506853    0.6148227928    0.4415874670
    178            3            0.3582184266    0.5758479931    0.4680563034
    179            4            0.2920799682    0.6594624257    0.3780446019
    180            3            0.3621066680    0.6563533283    0.4146355954
    181            1            0.4685177496    0.6574857378    0.4204036198
    182            1            0.5224760943    0.6568225025    0.4207024140
    183            2            0.5452926238    0.6911625301    0.4042701119
    184            2            0.4466454356    0.6924023946    0.4037781565
    185            2            0.4445220598    0.5331714158    0.4781734130
    186            2            0.5433917682    0.5318585508    0.4783397333
    187            1            0.7428194819    0.8074798434    0.4174277203
    188            1            0.7823222740    0.6970158765    1.1727226235
    189            2            0.8163302956    0.6714307555    1.1798438368
    190            1            0.7618967197    0.8314546408    0.4819204160
    191            1            0.7183129197    0.8369938053    0.3621352372
    192            2            0.7805478654    0.8071947002    0.5249092336
    193            2            0.7036461163    0.8170921020    0.3120885151
    194            4            0.1780510345    0.4001832701    1.0201809167
    195            3            0.2133128324    0.3536980839    0.9502098021
    196            3            0.1829482983    0.3659770320    1.1177996834
    197            1            0.2229133900    0.3364413355    1.1243341312
    198            1            0.1700570771    0.2725160751    0.1969518601
    199            1            0.2183807899    0.2881124599    1.1686066969
    200            2            0.1365828758    0.2989344911    0.1908888108
    201            4            0.1595129560    0.3085842819    0.9119609697
    202            3            0.0934290532    0.3170483398    0.9585425748
    203            1            0.0750008572    0.3594239827    0.9861073396
    204            3            0.1017052074    0.3986869223    1.0069757054
    205            3            0.2658695376    0.3445037345    1.0895394680
    206            4            0.2649680082    0.3082293056    0.9939383099
    207            4            0.2528852555    0.3917066171    0.8753994745
    208            3            0.2445680377    0.3518979545    0.7837181582
    209            3            0.1602469422    0.3320677002    0.8087221274
    210            3            0.1795071264    0.2354610292    0.9102873489
    211            3            0.2392342466    0.2374501816    1.0039800995
    212            3            0.3323254777    0.3052129157    0.9495146260
    213            3            0.3286850543    0.3841325549    0.8918782090
    214            3            0.2395280027    0.4654719876    0.8856666855
    215            1            0.2228898000    0.4900478580    0.9429510014
    216            3            0.2016224694    0.4699994465    1.0006175912
    217            1            0.2288519554    0.5476976327    0.9428331073
    218            1            0.2496217603    0.5732130308    0.8806868327
    219            1            0.2554880339    0.6270237073    0.8811919410
    220            1            0.2395334439    0.6556387412    0.9434774170
    221            1            0.2434221740    0.7132476507    0.9441604964
    222            1            0.2184803770    0.6301939797    1.0055263333
    223            1            0.2136827995    0.5763462722    1.0054833927
    224            2            0.1979636850    0.5553730346    1.0538664039
    225            2            0.2064468781    0.6535776858    1.0539513637
    226            2            0.2716475912    0.6478864630    0.8328747632
    227            2            0.2608787530    0.5497707877    0.8320757067
    228            1            0.0173766414    0.3613788726    0.9928071376
    229            1            0.2619695098    0.2555641460    1.1741885968
    230            2            0.2992712102    0.2692921616    1.1513745977
    231            1           -0.0109757126    0.3169720663    0.9727431626
    232            1           -0.0087014843    0.4063551700    1.0163342959
    233            2            0.0104784274    0.2821994141    0.9545390199
    234            2            0.0144373882    0.4407577434    1.0317474919
    235            1            0.7261683765    0.9718734031    0.4430623197
    236            1            0.7135575682    0.8904012083    0.3709476504
    237            1            0.7321436803    0.9145090926    0.4356352410
    238            2            0.6953049798    0.9148272978    0.3280538167
    239            1            0.7560458753    0.8848875515    0.4913737228
    240            2            0.7699347579    0.9046267236    0.5419491585
    241            3            0.2426739429    0.6110152123    0.4212217738
    242            3            0.2088952867    0.5990738420    0.2536917843
    243            1            0.2486266867    0.6291350009    0.2493203440
    244            1            0.1945234471    0.6990844165    0.1920418194
    245            1            0.2437960054    0.6793761658    0.2098435143
    246            2            0.1600941792    0.6746307134    0.2025492705
    247            4            0.1873622199    0.6521750210    0.4640193727
    248            3            0.1231543216    0.6451532961    0.4115562018
    249            1            0.1053518141    0.6023094171    0.3842193966
    250            3            0.1323689836    0.5621386782    0.3684704314
    251            3            0.2915226098    0.6196568991    0.2835282733
    252            3            0.2771933317    0.6102387616    0.5848615244
    253            3            0.1913387250    0.6254596793    0.5655325480
    254            3            0.2073916614    0.7248750914    0.4701417595
    255            3            0.2649143764    0.7302462188    0.3737128347
    256            1            0.0482097845    0.6010802947    0.3713507963
    257            1            0.2886970772    0.7092715934    0.1985719767
    258            2            0.3266484908    0.6922554009    0.2133330251
    259            1            0.0203273862    0.6478662116    0.3759048161
    260            1            0.0219398468    0.5542635929    0.3576570655
    261            2            0.0418731354    0.6841250360    0.3863771085
    262            2            0.0447236818    0.5180605967    0.3540623319
    263            4            0.6652082262    0.3036919999    0.9861146870
    264            3            0.7140923625    0.3560172807    0.9513526590
    265            3            0.6612964408    0.3322527256    1.0872902645
    266            1            0.7051725597    0.3246803519    1.1199721135
    267            1            0.6677768502    0.2436522574    1.1718519103
    268            1            0.7119663871    0.2744568691    1.1594453762
    269            2            0.6295396903    0.2592815458    1.1556516527
    270            4            0.7699502117    0.3154106732    0.9090667257
    271            3            0.7520336475    0.2424532173    0.8977350610
    272            1            0.7252769412    0.2151435780    0.9434685905
    273            3            0.6919736636    0.2330845236    0.9900527005
    274            3            0.7436119544    0.3565682548    1.1166297305
    275            4            0.7473888326    0.3999411523    1.0264726269
    276            4            0.6764564067    0.3969914756    0.8781271870
    277            3            0.6854986680    0.3589690616    0.7843135114
    278            3            0.7707020618    0.3438340466    0.8085729823
    279            3            0.8315247765    0.3201583507    0.9668200164
    280            3            0.8248130212    0.4018650859    1.0146871969
    281            3            0.7274640624    0.4717859675    1.0086813709
    282            3            0.6929991240    0.4696612085    0.8914349709
    283            3            0.6005027470    0.3885208128    0.8928382252
    284            1            0.5770914458    0.3470838786    0.9134846895
    285            3            0.5991128271    0.3054458584    0.9379024204
    286            1            0.5192953135    0.3459083666    0.9105874392
    287            1            0.4914584550    0.3892522103    0.8851685679
    288            1            0.4373586156    0.3885640340    0.8859751417
    289            1            0.4109449337    0.3447108209    0.9127250616
    290            1            0.3532628326    0.3449568335    0.9178123061
    291            1            0.4387900140    0.3011359611    0.9375129246
    292            1            0.4928140657    0.3016747356    0.9361656505
    293            2            0.5157801843    0.2682740431    0.9558641450
    294            2            0.4169560030    0.2673700677    0.9585522053
    295            2            0.4143174158    0.4222010089    0.8672130644
    296            2            0.5133151656    0.4235253466    0.8658951379
    297            1            0.7331972291    0.1581467694    0.9416980917
    298            1            0.7615571861    0.2560418417    1.1784088341
    299            2            0.7956330922    0.2807036723    1.1666655009
    300            1            0.7552005899    0.1352487892    0.8783719970
    301            1            0.7183963560    0.1276570455    1.0026812267
    302            2            0.7665064879    0.1604769942    0.8315075543
    303            2            0.7017041585    0.1468756106    1.0520226765
    304            1            0.8821155850    0.6018918143    0.3591579429
    305            1            0.9678772420    0.5539627015    0.3511210175
    306            1            0.9399888924    0.6005702661    0.3578885881
    307            2            0.9462607019    0.5174538820    0.3424978789
    308            1            0.9666531508    0.6476021805    0.3689726997
    309            2            0.9438311229    0.6836540018    0.3736881966
    310            4            0.7921639718    0.8083901119    0.9620568642
    311            3            0.7431045695    0.8572698999    0.9205044868
    312            3            0.7903255667    0.8379890975    1.0629613836
    313            1            0.7467625185    0.8276709538    1.0948202586
    314            1            0.7866449055    0.7465249651    1.1426188860
    315            1            0.7422571292    0.7778100824    1.1354243913
    316            2            0.8241875029    0.7620238810    1.1232026042
    317            4            0.7835703081    0.9013838362    0.8530709399
    318            3            0.8575290784    0.8955240885    0.8805910348
    319            1            0.8818098245    0.8545867073    0.9008851857
    320            3            0.8608042649    0.8115555313    0.9221372502
    321            3            0.7063185356    0.8566636755    1.0883782527
    322            3            0.6975783587    0.8439530016    0.7748379010
    323            3            0.7829103219    0.8623073361    0.7585141460
    324            3            0.7668095129    0.9737472403    0.8707691844
    325            3            0.7343477595    0.9682095100    0.9890293497
    326            3            0.7045557302    0.7402061419    0.8753389370
    327            1            0.7320467743    0.7164362644    0.9242569855
    328            3            0.7647895538    0.7379632611    0.9684546065
    329            1            0.7258198853    0.6590433213    0.9307737806
    330            1            0.7076302971    0.6299038438    0.8702627175
    331            1            0.7032144933    0.5760921496    0.8762443903
    332            1            0.7158868948    0.5509868093    0.9430677116
    333            1            0.7117580835    0.4931819445    0.9483158394
    334            1            0.7332347228    0.5803201423    1.0039576306
    335            1            0.7386839632    0.6340033788    0.9975820660
    336            2            0.7526318810    0.6575813755    1.0447625911
    337            2            0.7426660504    0.5600998580    1.0562380005
    338            2            0.6901195258    0.5522452982    0.8290132105
    339            2            0.6979043611    0.6501995921    0.8181363204
    340            1            0.9394708840    0.8554635168    0.9009425093
    341            1            0.6935050527    0.7599010967    1.1589991368
    342            2            0.6594094381    0.7853528586    1.1516277729
    343            1            0.9667174609    0.9013979547    0.8854808936
    344            1            0.9663651444    0.8095645089    0.9179722606
    345            2            0.9443612310    0.9369134192    0.8731995754
    346            2            0.9437393151    0.7742504864    0.9302797316
    347            1            0.2338995794    0.7502600847    0.4219154863
    348            1            0.2403965039    0.8374985862    0.3600735308
    349            1            0.2281992557    0.8077166704    0.4229685553
    350            2            0.2537040297    0.8175631144    0.3092106080
    351            1            0.2103720382    0.8319661694    0.4880049589
    352            2            0.2009735034    0.8075912644    0.5366017271
    353            1            0.1053278731    0.8543658218    0.9070355460
    354            1            0.0202577925    0.8095823685    0.9193559017
    355            1            0.0476611093    0.8554575796    0.9035835753
    356            2            0.0424688808    0.7742544212    0.9329867648
    357            1            0.0208305052    0.9013937446    0.8867570096
    358            2            0.0434221121    0.9369356106    0.8755744763
    359            1            0.7494806887   -0.0066539051    0.9315249257
    360            1            0.7252764068    0.0741165755    0.9998486699
    361            1            0.7458176318    0.0509376244    0.9356990425
    362            2            0.7143543546    0.0488901957    1.0467369097
    363            1            0.7610159624    0.0815576893    0.8750779795
    364            2            0.7769064193    0.0622152096    0.8254405508
    365            1            0.8510451190    0.3624073894    0.9934325496
    366            1            0.9370570653    0.4071376626    1.0185392072
    367            1            0.9088545530    0.3629338681    0.9972026644
    368            2            0.9155835441    0.4422318178    1.0356448502
    369            1            0.9352081680    0.3177503377    0.9749531596
    370            2            0.9120802715    0.2836454475    0.9584868833
    371            1            0.2104074410    0.2135887409    0.9567427906
    372            1            0.2347987877    0.1294613705    1.0166912490
    373            1            0.2139629338    0.1559762839    0.9554274573
    374            2            0.2464122261    0.1520090222    1.0661273305
    375            1            0.1982388565    0.1284940970    0.8919946149
    376            2            0.1818693495    0.1502816672    0.8446695475
    377            1            0.2256675472    0.1315145163    0.6170441120
    378            1            0.2193346261    0.1801134399    0.6603409179
    379            1            0.2627864057    0.2124851634    0.6692699487
    380            1            0.2574791739    0.2601203910    0.7046240764
    381            1            0.2086404056    0.2752625029    0.7314295545
    382            1            0.2038885616    0.3232936617    0.7763137094
    383            1            0.1650587682    0.2430815700    0.7221798517
    384            1            0.1703168153    0.1954485858    0.6864492980
    385            2            0.1368646923    0.1694729589    0.6771282562
    386            2            0.1273808543    0.2564666668    0.7441088742
    387            2            0.2908953870    0.2861609500    0.7137880501
    388            2            0.3005310031    0.1990346587    0.6477004793
    389            1            0.2352637913    0.6362416897    0.5960998415
    390            1            0.2385736234    0.6831468073    0.6439487418
    391            1            0.2867577512    0.6988531630    0.6726771569
    392            1            0.2903341392    0.7450298414    0.7123155745
    393            1            0.2459787678    0.7759221509    0.7231005825
    394            1            0.2509808564    0.8234873414    0.7693244174
    395            1            0.1977495612    0.7602035161    0.6945565625
    396            1            0.1940876998    0.7137673358    0.6551973504
    397            2            0.1568710369    0.7002224871    0.6318810235
    398            2            0.1634242312    0.7848432170    0.7048141530
    399            2            0.3274907977    0.7585936680    0.7357369109
    400            2            0.3210802348    0.6743243031    0.6620235146
    401            1            0.7145631381    0.1395711086    0.6165338243
    402            1            0.7190846305    0.1884846444    0.6598005497
    403            1            0.6741262805    0.2187013796    0.6692046457
    404            1            0.6769269701    0.2664805848    0.7048541399
    405            1            0.7249985474    0.2842489971    0.7312812533
    406            1            0.7274695054    0.3325413805    0.7761760407
    407            1            0.7700579531    0.2541904270    0.7217930890
    408            1            0.7672401639    0.2062728757    0.6861150350
    409            2            0.8020711704    0.1820915934    0.6771016320
    410            2            0.8070471618    0.2693971775    0.7437366387
    411            2            0.6421540831    0.2906122776    0.7143192619
    412            2            0.6370573044    0.2033393817    0.6478372140
    413            1            0.7423312248    0.8344949412    0.7458902830
    414            1            0.7471955794    0.7872395086    0.6988050556
    415            1            0.7029537127    0.7560746667    0.6884105471
    416            1            0.7067164899    0.7094508482    0.6497645406
    417            1            0.7548163686    0.6938304242    0.6207546814
    418            1            0.7586702750    0.6457993388    0.5751479497
    419            1            0.7990050365    0.7252157723    0.6302912334
    420            1            0.7952905645    0.7717265240    0.6694896595
    421            2            0.8295336361    0.7966372716    0.6789751006
    422            2            0.8360282128    0.7120314965    0.6059691299
    423            2            0.6725704964    0.6844063496    0.6404028045
    424            2            0.6657069479    0.7694495635    0.7117737308
kgrid
 0 0 0 
end setup phase data
run phase input data
temperature (Ry) for occupation weighting
 0.001
blend ratio
 0.300
convergence criterion
 0.0005
iterations
 5000
geometry relaxation
gsteps
 5000
gconv  (converged when max force < gconv[au/bohr])
 0.0010
end geometry relaxation
cell optimization
ucsteps - number of cell steps
 5000
uc_conv - stress convergence (in GPa)
 0.002
uniaxial_pressure (in GPa)
 0.0 0.0 0.097714
end cell
end run phase data
