#step e_adh e_adh_nonbond
0 -2373.7	-2373.69
100000 -6773	-2462.26
200000 -6947.54	-2435.46
300000 -7467.15	-2308.33
400000 -7421	-2344.98
500000 -7613.15	-2255.14
600000 -7909.55	-2238.71
700000 -8134.2	-2252.17
800000 -8173.56	-2243.79
900000 -8201.26	-2206.23
1000000 -8221.61	-2222.32
1100000 -8168.19	-2214.54
1200000 -8105.77	-2250.97
1300000 -8197.66	-2217.68
1400000 -8247.74	-2205.91
1500000 -8240.99	-2198.89
1600000 -8306.23	-2212.92
1700000 -8283.21	-2206.28
1800000 -8257.97	-2172.54
1900000 -8216.45	-2216.43
2000000 -8279.49	-2198.61
2100000 -8270.9	-2231.76
2200000 -8276.59	-2204.28
2300000 -8362.22	-2167.45
2400000 -8315.93	-2201.38
2500000 -8234.97	-2254.87
2600000 -8371.11	-2193.89
2700000 -8298.21	-2219.9
2800000 -8408.74	-2201.36
2900000 -8378.9	-2205.56
3000000 -8329.89	-2213.55
3100000 -8432.38	-2197.82
3200000 -8512.79	-2193.04
3300000 -8457.76	-2190.67
3400000 -8363.43	-2212.62
3500000 -8419.87	-2204.23
3600000 -8515.24	-2206.47
3700000 -8507.23	-2227.77
3800000 -8402.62	-2206.24
3900000 -8420.63	-2179.19
4000000 -8417.11	-2158.47
4100000 -8387.35	-2175.62
4200000 -8498.33	-2197.87
4300000 -8592.36	-2184.87
4400000 -8576.81	-2180.61
4500000 -8591.36	-2186.98
4600000 -8549.24	-2193.18
