#step e_adh e_adh_nonbond
0 -265.383	-265.383
100000 -320.751	-267.114
200000 -318.602	-268.394
300000 -356.436	-300.338
400000 -871.583	-194.559
500000 -847.86	-205.702
600000 -863.691	-191.529
700000 -885.356	-196.535
800000 -902.863	-194.176
900000 -883.203	-196.423
1000000 -879.475	-197.934
1100000 -886.449	-192.75
1200000 -899.572	-194.493
1300000 -862.704	-193.678
1400000 -882.628	-189.187
1500000 -875.013	-205.269
1600000 -873.068	-195.991
1700000 -910.298	-187.236
1800000 -888.271	-189.43
1900000 -886.62	-196.266
2000000 -876.132	-193.165
2100000 -893.079	-191.17
2200000 -872.594	-192.847
2300000 -887.133	-190.659
2400000 -880.36	-198.382
2500000 -906.991	-185.731
2600000 -886.978	-186.778
2700000 -881.631	-210.029
2800000 -886.409	-198.557
2900000 -857.24	-207.028
3000000 -905.871	-181.873
3100000 -890.881	-189.45
3200000 -870.46	-178.555
3300000 -881.074	-194.999
3400000 -871.349	-196.13
3500000 -889.911	-194.207
3600000 -889.18	-186.633
3700000 -871.986	-191.521
3800000 -894.622	-193.319
3900000 -897.084	-192.983
4000000 -863.586	-201.602
4100000 -890.698	-193.162
4200000 -890.117	-190.939
4300000 -873.891	-185.986
4400000 -894.97	-189.521
4500000 -883.188	-197.855
4600000 -890.831	-195.178
4700000 -874.919	-187.515
4800000 -875.209	-200.724
