#step e_adh e_adh_nonbond
0 -1306.7	-1306.7
100000 -3929.34	-1043.01
200000 -4028.08	-1066.58
300000 -3941.09	-1018.9
400000 -4046.6	-1027.52
500000 -4071.84	-1051.01
600000 -4000.95	-1057.97
700000 -4136.28	-994.399
800000 -4072.8	-1008.99
900000 -4072.09	-1017.1
1000000 -4089.27	-1011.64
1100000 -4119.68	-967.317
1200000 -4105.6	-1015.08
1300000 -4123.68	-1017.23
1400000 -3992.78	-983.076
1500000 -4136.33	-1039.78
1600000 -4077.84	-969.94
1700000 -4083.33	-984.895
1800000 -4137.46	-972.602
1900000 -4162.69	-1009.68
2000000 -4183.97	-993.23
2100000 -4112.26	-995.251
2200000 -4072.98	-984.867
2300000 -4082.66	-1002.26
