#step e_adh e_adh_nonbond
0 -275.267	-271.228
100000 -342.009	-343.138
200000 -337.757	-337.598
300000 -339.355	-340.879
400000 -335.603	-334.947
500000 -337.656	-339.046
600000 -341.765	-344.292
700000 -339.455	-339.501
800000 -337.144	-337.77
900000 -340.868	-343.996
1000000 -343.686	-344.569
1100000 -334.39	-336.72
1200000 -819.696	-172.326
1300000 -808.879	-167.621
1400000 -817.825	-165.016
1500000 -829.32	-149.524
1600000 -846.137	-163.927
1700000 -908.461	-140.475
1800000 -851.154	-165.768
1900000 -832.011	-160.799
2000000 -822.91	-154.549
2100000 -845.021	-163.573
2200000 -837.059	-166.384
2300000 -877.687	-154.332
2400000 -836.414	-147.76
2500000 -829.118	-156.443
2600000 -841.417	-164.762
2700000 -845.102	-151.4
2800000 -856.393	-141.375
2900000 -836.308	-145.787
3000000 -840.332	-139.074
3100000 -839.716	-154.643
3200000 -838.031	-159.845
3300000 -840.08	-155.446
3400000 -813.952	-152.8
3500000 -841.791	-157.14
3600000 -851.061	-129.672
3700000 -834.714	-159.122
3800000 -843.08	-158.774
