#step e_adh e_adh_nonbond
0 -2920.9	-2918.44
100000 -7406.22	-1541.72
200000 -7553.35	-1457.67
300000 -7651.92	-1389.14
400000 -7647.63	-1393.73
500000 -7671.29	-1384.15
600000 -7720.58	-1355.5
700000 -7781.28	-1389.91
800000 -7745.91	-1374.05
900000 -7760.7	-1444.17
1000000 -7755.49	-1364.77
1100000 -7768.71	-1373.28
1200000 -7767.5	-1368.66
1300000 -7760.37	-1397.51
1400000 -7772.2	-1343.96
1500000 -7977.44	-1383.26
1600000 -7957.87	-1307.24
1700000 -7890.25	-1351.23
1800000 -8011.18	-1330.07
1900000 -7993.4	-1325.7
2000000 -8014.95	-1315.14
2100000 -8027.68	-1352.96
