#step e_adh e_adh_nonbond
0 -1573.34	-1569.52
100000 -2940.7	-1144.44
200000 -2946.7	-1155.36
300000 -2978.51	-1112.45
400000 -2977.54	-1117.16
500000 -2977.66	-1134.67
600000 -2983.9	-1118.62
700000 -3383.77	-969.969
800000 -3360.81	-949.157
900000 -3354.03	-955.458
1000000 -3354.85	-967.182
1100000 -3381.51	-958.879
1200000 -3304.32	-979.029
1300000 -3770.21	-831.01
1400000 -3809.72	-822.14
1500000 -3845.79	-783.02
1600000 -3849.35	-793.8
1700000 -3812.26	-824.27
1800000 -3784.53	-859.62
1900000 -3802.08	-828.42
2000000 -3855.07	-794.88
2100000 -3817.64	-801.15
2200000 -3804.63	-833.32
2300000 -3830.36	-817.6
2400000 -3813.56	-792.05
2500000 -3853.09	-767.12
2600000 -3803.59	-806.88
2700000 -3837.35	-801.23
2800000 -3855.76	-802.26
2900000 -3773.71	-785.32
3000000 -3764.02	-816.58
3100000 -3812.7	-838.23
