#step e_adh e_adh_nonbond
0 -2475.71	-2468.22
100000 -7833.97	-1245.67
200000 -7769.33	-1265.97
300000 -7777.58	-1272.34
400000 -7840.68	-1283.44
500000 -7815.4	-1248.67
600000 -7900.13	-1225.04
700000 -7828.36	-1250.21
800000 -7861.94	-1222.3
900000 -7806.21	-1299.97
1000000 -7844.21	-1232.75
1100000 -7822.23	-1263.85
1200000 -7798.7	-1243.63
1300000 -7889.37	-1252.71
1400000 -7818.91	-1209.59
1500000 -7931.45	-1239.67
1600000 -7793.2	-1301.54
1700000 -7803.1	-1183
1800000 -7857.81	-1213.34
1900000 -7754.55	-1206.23
2000000 -7814	-1282.39
2100000 -7833.66	-1214.99
2200000 -7863.04	-1255.64
2300000 -7826.91	-1296.96
2400000 -7872.92	-1225.06
2500000 -7805.39	-1232.53
2600000 -7943.26	-1201.9
2700000 -7875.54	-1234.7
