#step e_adh e_adh_nonbond
0 -2564.24	-2564.24
100000 -5373.6	-3055.78
200000 -6359.41	-2855.4
300000 -6731.15	-2784.08
400000 -7153.38	-2682.14
500000 -7174.99	-2691.95
600000 -7477.12	-2665.34
700000 -7507.76	-2655.45
800000 -7528.81	-2652.93
900000 -7765.61	-2622.59
1000000 -7885	-2614.46
1100000 -7966.3	-2593.82
1200000 -8164.43	-2585.74
1300000 -8078.32	-2593.6
1400000 -8223.94	-2578.22
1500000 -8201.84	-2643.42
1600000 -8346.89	-2591.32
1700000 -8291.12	-2583.12
1800000 -8285.08	-2603.57
1900000 -8263.53	-2593.55
2000000 -8310.95	-2566.03
2100000 -8361.22	-2605.66
2200000 -8358.23	-2569.23
2300000 -8415.31	-2560.71
2400000 -8583.75	-2556.67
2500000 -8548.95	-2577.01
2600000 -8444.64	-2572.7
2700000 -8634.18	-2573.76
2800000 -8573.22	-2563.6
2900000 -8578.99	-2557.01
3000000 -8602.11	-2514.68
3100000 -8651.53	-2521.49
3200000 -8763.12	-2513.9
3300000 -8681.17	-2575.76
3400000 -8818.44	-2509.8
3500000 -8681.63	-2497.92
3600000 -8722.57	-2529.23
3700000 -8807.31	-2500.7
3800000 -8828.65	-2565.14
3900000 -8856.17	-2549.97
4000000 -8909.73	-2537.47
4100000 -8821.86	-2507.52
4200000 -8849.9	-2557.8
4300000 -8891.52	-2524.33
4400000 -9008.64	-2545.92
4500000 -8868.37	-2572.65
4600000 -8862.73	-2530.24
4700000 -8888.61	-2541.58
4800000 -8951.41	-2500.77
4900000 -8900.29	-2542.19
5000000 -8860.78	-2556.6
5100000 -8952.84	-2516.04
5200000 -8902.4	-2528.12
5300000 -9004.58	-2536.96
5400000 -8940.27	-2553.47
5500000 -8888.82	-2570.3
5600000 -8810.81	-2570.08
5700000 -8995.15	-2504.58
5800000 -8905.78	-2536.69
5900000 -9019.12	-2504.35
6000000 -8967.95	-2539.1
