#step e_adh e_adh_nonbond
0 -1437.55	-1437.54
100000 -4318.88	-952.811
200000 -4354.86	-945.977
300000 -4356.53	-892.613
400000 -4412.52	-905.996
500000 -4389.66	-852.501
600000 -4394.18	-854.693
700000 -4329.98	-908.072
800000 -4364.2	-874.552
900000 -4353.9	-889.154
1000000 -4536.82	-881.387
1100000 -4520.68	-932.881
1200000 -4566.7	-873.87
1300000 -4598.06	-861.586
1400000 -4596.68	-844.22
1500000 -4609.58	-818.566
1600000 -4590.86	-877.922
1700000 -4529.52	-858.897
1800000 -4545.2	-860.985
1900000 -4576.56	-843.239
2000000 -4706.92	-890.791
2100000 -4708.02	-845.493
2200000 -4662.09	-883.65
