#step e_adh e_adh_nonbond
0 -279.196	-279.686
100000 -800.359	-279.911
200000 -854.383	-254.231
300000 -947.656	-269.484
400000 -912.188	-252.371
500000 -953.791	-258.717
600000 -1015.48	-235.83
700000 -1032.21	-231.662
800000 -1018.44	-243.954
900000 -986.203	-252.421
1000000 -1011.39	-242.503
1100000 -1006.59	-243.845
1200000 -1009.33	-242.142
1300000 -980.79	-253.579
1400000 -996.154	-253.518
1500000 -1022.19	-239.503
1600000 -1011.34	-241.796
1700000 -977.202	-246.633
1800000 -1024.87	-248.472
1900000 -998.147	-241.641
2000000 -988.798	-252.594
2100000 -1013.29	-246.925
2200000 -1017.52	-241.533
2300000 -1027.32	-239.673
2400000 -996.956	-224.21
2500000 -1020.73	-233.149
2600000 -1013.43	-234.834
2700000 -1003.99	-244.294
2800000 -1000.45	-249.242
2900000 -972.21	-253.353
3000000 -1039.52	-235.183
3100000 -996.342	-249.969
3200000 -980.283	-240.046
3300000 -995.937	-255.145
3400000 -1027.71	-241.843
3500000 -1006.73	-252.575
3600000 -1029.47	-253.656
