#step e_adh e_adh_nonbond
0 -1576.32	-1520.92
100000 -3080.1	-1235.89
200000 -3137.3	-1215.22
300000 -3115.02	-1228.41
400000 -3255.41	-1168.84
500000 -3217.71	-1188.05
600000 -3317.82	-1177.82
700000 -3413.34	-1138.62
800000 -3408.17	-1165.63
900000 -3452.65	-1158.03
1000000 -3543.94	-1131.73
1100000 -3450.85	-1152.99
1200000 -3438.58	-1120.47
1300000 -3446.75	-1144.62
1400000 -3517.32	-1146.3
1500000 -3415.87	-1128.23
1600000 -3563.47	-1061.9
1700000 -3641.9	-1061.02
1800000 -3611.02	-1044.61
1900000 -3557.18	-1033.73
2000000 -3563.32	-1045.44
2100000 -3604.93	-1019.28
2200000 -3582.08	-1055.1
2300000 -3655.87	-1056.14
2400000 -3619.93	-1028.57
2500000 -3636.75	-1010.6
2600000 -3652.15	-1037.69
2700000 -3652.25	-1023.15
2800000 -3692.45	-1017.24
2900000 -3684.33	-1047.38
3000000 -3659.61	-995.964
3100000 -3761.59	-1031.81
3200000 -3820.58	-1042.45
3300000 -3791.61	-1038.06
3400000 -3855.47	-1050.39
3500000 -3804.62	-994.188
3600000 -3878.96	-978.625
3700000 -3898.49	-1027.89
3800000 -3804.92	-1001.41
3900000 -3850.3	-1009.42
4000000 -3831.07	-1003.11
4100000 -3797.47	-998.199
4200000 -3823.97	-984.568
4300000 -3762.96	-995.056
4400000 -3841.84	-1013.11
4500000 -3842.12	-982.374
4600000 -3783.52	-999.47
4700000 -3785	-1008.88
4800000 -3836.06	-961.25
4900000 -3872.57	-989.155
5000000 -3871.85	-1018.14
5100000 -3775.36	-1002.57
5200000 -3861.73	-994.002
5300000 -3803.98	-1007.2
5400000 -3866.85	-1000.51
5500000 -3900.6	-1019.4
5600000 -3860.63	-993.516
5700000 -3826.83	-960.122
5800000 -3801.39	-991.181
5900000 -3824.38	-1009.38
6000000 -3843.99	-976.835
6100000 -3817	-1008.87
6200000 -3837.14	-989.603
6300000 -3786.31	-1015.06
6400000 -3869.35	-999.314
6500000 -3752.52	-1001.54
6600000 -3865.64	-1007.07
6700000 -3799.25	-1031.43
6800000 -3838.41	-998.402
6900000 -3833.84	-975.004
7000000 -3777.96	-981.052
7100000 -3789.34	-986.697
7200000 -3852.69	-1006.68
7300000 -3806.11	-981.56
7400000 -3881.2	-996.781
7500000 -3798.06	-971.717
7600000 -3800.04	-1005.86
7700000 -3875.59	-981.579
7800000 -3813.6	-929.319
7900000 -3816.57	-943.029
8000000 -3824.91	-960.512
8100000 -3885.14	-936.616
8200000 -3902.85	-960.922
8300000 -3920.83	-926.838
8400000 -3859.52	-929.135
8500000 -3848.71	-925.882
8600000 -3883.53	-912.895
8700000 -3945.39	-936.871
8800000 -3939.18	-904.619
8900000 -3920.64	-957.23
9000000 -3913.55	-880.814
9100000 -3936.71	-891.604
9200000 -3998.5	-919.496
9300000 -4012.27	-887.073
9400000 -4042.94	-940.589
9500000 -4018.14	-882.208
9600000 -4066.89	-896.266
9700000 -4007.26	-847.968
9800000 -4009.58	-862.124
9900000 -4023.65	-913.341
10000000 -3994.5	-908.874
10100000 -4051.04	-902.678
10200000 -4030.42	-863.542
10300000 -4005.18	-862.432
10400000 -4069.08	-891.736
10500000 -4042.1	-899.817
10600000 -4047.62	-837.396
10700000 -4015.1	-908.459
10800000 -4006.63	-895.948
10900000 -3985.44	-901.368
11000000 -4053.17	-875.945
11100000 -3993.66	-892.425
11200000 -4138.52	-881.635
11300000 -4037.1	-875.02
11400000 -3997.19	-838.664
11500000 -4065.55	-880.116
11600000 -3980.26	-886.296
11700000 -4040.86	-907.301
11800000 -4001.37	-906.05
11900000 -4012.91	-891.468
12000000 -3982.93	-881.862
12100000 -3990.51	-910.485
12200000 -4032.31	-876.499
12300000 -4051.94	-894.795
12400000 -3995.37	-940.98
12500000 -4049.66	-893.625
12600000 -4075.37	-898.768
12700000 -4084.57	-916.469
12800000 -4017.49	-911.448
12900000 -4020.98	-915.239
13000000 -4023.14	-928.015
13100000 -4033.52	-934.689
13200000 -4078.32	-925.925
13300000 -3996.37	-946.607
13400000 -4016.16	-932.362
13500000 -3987.12	-937.492
13600000 -4043.35	-936.229
13700000 -4033.47	-941.669
13800000 -4019.95	-933.731
13900000 -4047.05	-929.45
14000000 -4029.65	-918.488
14100000 -3992.08	-942.622
14200000 -4039.27	-951.988
14300000 -4047.67	-898.776
14400000 -4116.43	-901.141
14500000 -3949.55	-923.569
14600000 -3979.07	-932.905
14700000 -4043.02	-902.168
14800000 -4083.33	-917.085
14900000 -4095.84	-906.587
15000000 -4028.43	-908.234
15100000 -4040.58	-953.884
15200000 -4073.62	-940.941
15300000 -4038.03	-904.978
15400000 -4094.83	-942.656
15500000 -4059.12	-861.944
15600000 -4027.66	-928.931
15700000 -4078.15	-886.867
15800000 -4053.04	-922.105
15900000 -4094.51	-949.871
16000000 -4035.41	-894.161
16100000 -4060.7	-973.622
16200000 -4122.74	-884.825
16300000 -4108.46	-935.785
16400000 -4072.45	-947.442
16500000 -4066.4	-899.565
16600000 -4057.74	-958.593
