#step e_adh e_adh_nonbond
0 -1272.58	-1272.58
100000 -4544.6	-1251.99
200000 -4559.51	-1265.19
300000 -4828.76	-1221.77
400000 -4764.54	-1233.13
500000 -4733.25	-1253.07
600000 -4687.86	-1248.48
700000 -4756.72	-1248.46
800000 -4749.97	-1270.01
900000 -4813.19	-1249.72
1000000 -4769.96	-1242.17
1100000 -4874.96	-1239.35
1200000 -4980.3	-1205.31
1300000 -5013.74	-1214.27
1400000 -5077.9	-1197.62
1500000 -5080.31	-1199.48
1600000 -5121.72	-1175.08
1700000 -5077.77	-1210.14
1800000 -5058.04	-1219.04
1900000 -5028.35	-1198.86
2000000 -5111.4	-1174.89
2100000 -5075.97	-1188.79
2200000 -5180.84	-1179.54
2300000 -5091.66	-1193.73
2400000 -5078.54	-1210.86
2500000 -5095.16	-1193.21
2600000 -5069.69	-1207.76
2700000 -5078.31	-1196.8
2800000 -5044.85	-1193.59
2900000 -5150.67	-1190.17
3000000 -5177.52	-1177.35
3100000 -5042	-1243.98
3200000 -5054.18	-1210.97
3300000 -5088.39	-1196.04
3400000 -5139.66	-1214.38
3500000 -5080.69	-1190.4
3600000 -5053.2	-1196.63
3700000 -5058.67	-1209.57
3800000 -5045.48	-1199.54
3900000 -5121.34	-1189.62
