#step e_adh e_adh_nonbond
0 -1467.96	-1442.18
100000 -3765.99	-1526.98
200000 -3780.62	-1520.68
300000 -3756.4	-1537.37
400000 -3811.99	-1533.86
500000 -3812.08	-1528.01
600000 -3815.5	-1496.13
700000 -3836.58	-1538.59
800000 -3804.35	-1526.98
900000 -3777.19	-1525.58
1000000 -3843.17	-1542.44
1100000 -3857.18	-1531.33
1200000 -3816.33	-1501.92
1300000 -3921.68	-1518.48
1400000 -3905.66	-1501.56
1500000 -3896.46	-1503.98
1600000 -3926.45	-1528.61
1700000 -3938.84	-1523.84
1800000 -3924.6	-1487.58
1900000 -3964.91	-1484.14
2000000 -3911.2	-1499.43
2100000 -3899.4	-1521.97
2200000 -3964.41	-1515.01
2300000 -3909.63	-1527.58
2400000 -3902.53	-1525.62
2500000 -3865.89	-1557.53
2600000 -3862.79	-1542.49
2700000 -3897.43	-1519.52
2800000 -3915.26	-1537.36
2900000 -3950.1	-1494.72
3000000 -3947.45	-1522.09
3100000 -3896.66	-1515.88
3200000 -3923.14	-1501.14
3300000 -3914.57	-1528.71
3400000 -3944.75	-1511.39
3500000 -3892.39	-1502.9
3600000 -3878.71	-1515.09
3700000 -3908.17	-1499.43
3800000 -3901.55	-1512.55
3900000 -3923.41	-1511.39
4000000 -3923.34	-1509.09
4100000 -3906.07	-1525.43
4200000 -4111.92	-1486.52
4300000 -4121.62	-1505.23
4400000 -4063.2	-1481.55
4500000 -4113.13	-1503.44
4600000 -4070.34	-1511.33
4700000 -4110.32	-1483.45
4800000 -4058.17	-1492.13
4900000 -4073.02	-1507.37
5000000 -4083.35	-1512.97
5100000 -4103.01	-1484.43
5200000 -4132.37	-1524.38
5300000 -4082.7	-1507.25
5400000 -4104.42	-1498.64
5500000 -4107.67	-1519.76
5600000 -4060.98	-1510.32
5700000 -4037.42	-1500.9
5800000 -4090.95	-1477.66
5900000 -4096.2	-1503.08
6000000 -4128.11	-1487.97
6100000 -4066.72	-1503.75
6200000 -4106.74	-1489.4
6300000 -4057.44	-1486.14
6400000 -4106.2	-1512.31
6500000 -4089.99	-1508.05
6600000 -4058.96	-1521.59
6700000 -4095.68	-1526.71
6800000 -4130.41	-1499.96
6900000 -4117.66	-1495.19
7000000 -4118.87	-1511.31
7100000 -4094.83	-1513.75
7200000 -4109.21	-1479.05
7300000 -4092.22	-1496.72
7400000 -4133.85	-1489.42
7500000 -4106.97	-1502.49
7600000 -4148.61	-1512.55
7700000 -4167.24	-1497.45
7800000 -4216.21	-1431.05
7900000 -4194.1	-1394.6
8000000 -4263.78	-1369.46
8100000 -4238.78	-1362.84
8200000 -4226.75	-1358.84
8300000 -4175.56	-1399.12
8400000 -4232.88	-1378.29
8500000 -4194.96	-1403.21
8600000 -4189.67	-1364.76
8700000 -4136.41	-1389.34
8800000 -4132.92	-1400.62
8900000 -4264.93	-1368.79
9000000 -4190.55	-1361.31
9100000 -4206.56	-1375.83
9200000 -4240.89	-1359.06
9300000 -4292.64	-1355.85
9400000 -4173.95	-1380.58
9500000 -4179.46	-1368.3
9600000 -4225.73	-1364.57
9700000 -4241.47	-1347.07
9800000 -4263.95	-1370.99
9900000 -4230.43	-1378.01
10000000 -4167.23	-1365.24
10100000 -4211.05	-1380.48
10200000 -4248.09	-1386.07
10300000 -4234.44	-1359.96
10400000 -4225.86	-1349.28
10500000 -4169.16	-1357.88
10600000 -4275.99	-1349.47
10700000 -4214.35	-1337.34
10800000 -4229.67	-1365.75
10900000 -4128.61	-1384.03
11000000 -4238.96	-1352.23
11100000 -4275.72	-1357.47
11200000 -4321.42	-1358.98
11300000 -4304.85	-1356.05
11400000 -4341.59	-1341.26
11500000 -4376.36	-1361.29
11600000 -4404.02	-1378.24
11700000 -4335.97	-1351.23
11800000 -4348.76	-1354.95
11900000 -4291.59	-1354.19
12000000 -4335.5	-1380.04
12100000 -4382.42	-1353.76
12200000 -4286.93	-1390.07
12300000 -4349.16	-1377.65
12400000 -4337.45	-1369.32
12500000 -4296.33	-1354.63
12600000 -4412.24	-1324.24
12700000 -4278.04	-1376.34
12800000 -4322.53	-1395.28
12900000 -4280.99	-1388.22
13000000 -4429.33	-1442.48
13100000 -4328.06	-1445.05
13200000 -4409.73	-1447.5
13300000 -4408.72	-1475.78
13400000 -4375.99	-1477.87
13500000 -4455.27	-1453.9
13600000 -4469.82	-1467.98
13700000 -4337.71	-1465.66
13800000 -4474.06	-1479.89
13900000 -4363.62	-1458.62
14000000 -4435.92	-1462.89
14100000 -4442.12	-1489.4
14200000 -4470.25	-1478.9
14300000 -4469.51	-1455.4
14400000 -4540.25	-1483.88
14500000 -4492.9	-1446.65
14600000 -4452.19	-1462.65
14700000 -4446.91	-1461.2
14800000 -4477.08	-1458.4
14900000 -4425.2	-1470.73
15000000 -4423.4	-1479.55
15100000 -4409.9	-1465.49
15200000 -4519.64	-1448.22
15300000 -4391.33	-1477.67
15400000 -4498.16	-1480.31
15500000 -4515.14	-1462.13
15600000 -4558.68	-1443.62
15700000 -4514.57	-1449.64
15800000 -4463.15	-1486.81
15900000 -4452.51	-1458.47
16000000 -4473.28	-1452.61
16100000 -4442.6	-1467.27
16200000 -4442.64	-1481.4
