#step e_adh e_adh_nonbond
0 -3601.22	-3595.08
100000 -8388.12	-2403.05
200000 -8608.49	-2303.79
300000 -8841.9	-2133.94
400000 -8894.82	-1996.07
500000 -9016.96	-2025.21
600000 -9173.18	-1939.51
700000 -9338.6	-1860.46
800000 -9325.93	-1804.54
900000 -9326.15	-1693.39
1000000 -9346.74	-1807.52
1100000 -9468.21	-1763.01
1200000 -9353.46	-1797.19
1300000 -9385.48	-1774.53
1400000 -9393.22	-1759.43
1500000 -9399.89	-1777.31
1600000 -9503.66	-1737.4
1700000 -9456.58	-1675.96
1800000 -9367.05	-1758.41
1900000 -9349.91	-1655.74
2000000 -9475.49	-1815.61
2100000 -9523.19	-1683.29
2200000 -9567.24	-1687.83
2300000 -9454.4	-1709.92
2400000 -9554.71	-1713.23
2500000 -9574.89	-1721.73
2600000 -9544.77	-1616.12
2700000 -9492.22	-1711.3
2800000 -9582.6	-1746.34
2900000 -9551.01	-1693.29
3000000 -9608.75	-1653.98
3100000 -9636.65	-1711.31
3200000 -9602.19	-1675.22
3300000 -9523.96	-1737.61
3400000 -9573.93	-1668.19
3500000 -9665.29	-1763.62
3600000 -9632.6	-1695.96
3700000 -9679.92	-1739.9
3800000 -9609.11	-1691.03
3900000 -9619.73	-1704.35
4000000 -9623.16	-1758.9
