1imc  2nGCMC  3Pe  4eb  5ea  6elp  7emol  8ev  9epen  10ecoa  11ehb  12et  13eco  14ew  15ep  16efi  17eqeq
0  0  -155887.229868508  -221348.391993746  -5579.93685670298  0  0  21492.6551321668  0  0  0  0  0  49548.4438497499  -1.17253986750256e-08  0  3.63797241973688e-08
4  1  -155953.969005944  -221450.258097662  -5604.12143017233  0  0  21551.3649461299  0  0  0  0  0  49615.8612103541  -12.9361218168834  0  -53.8795127771341
5  1  -155902.394189273  -221494.981538078  -5569.07616609107  0  0  21640.3510941935  0  0  0  0  0  49588.3006092328  -13.1402944971233  0  -53.8478940327656
10  1  -155891.191614696  -221542.385663036  -5649.07314238621  0  0  21688.7520925543  0  0  0  0  0  49678.4303882939  -13.1111701342932  0  -53.8041199879068
12  2  -155959.067874567  -221453.080653464  -5610.06986166867  0  0  21593.8031646704  0  0  0  0  0  49644.4731431668  -26.8842208964305  0  -107.309446375181
13  3  -156023.937551528  -221561.588568421  -5479.39078486926  0  0  21581.9233185173  0  0  0  0  0  49636.5693174753  -40.6203119271887  0  -160.830522304062
15  3  -156027.38685818  -221589.102202124  -5576.96384106813  0  0  21514.9244269979  0  0  0  0  0  49825.5277084007  -40.7377817545341  0  -161.035168632966
15  3  -156084.034016271  -221417.18653095  -5613.64213085308  0  0  21420.0445295216  0  0  0  0  0  49728.5213370509  -40.675909570279  0  -161.095311471288
20  3  -156051.546200397  -221394.624131668  -5551.74031524277  0  0  21347.3093388712  0  0  0  0  0  49749.0684373123  -40.593500003003  0  -160.966029666371
21  2  -156034.561394124  -221661.19443661  -5547.17098358166  0  0  21588.8483924882  0  0  0  0  0  49719.010184196  -26.3370482115058  0  -107.717502405611
23  3  -156097.99368958  -221773.856691392  -5529.51336155615  0  0  21681.8802693989  0  0  0  0  0  49725.2980151546  -40.7144545197045  0  -161.087466666303
24  4  -156196.185305455  -221654.110552546  -5480.78696746931  0  0  21499.8551958648  0  0  0  0  0  49708.2567922364  -54.8551349847026  0  -214.544638555752
25  4  -156147.031559984  -221917.921900196  -5522.98029964088  0  0  21748.8240703619  0  0  0  0  0  49814.3272555372  -54.7682996630977  0  -214.512386382698
26  3  -156108.362022634  -221584.773827676  -5519.08188418485  0  0  21438.4126243307  0  0  0  0  0  49759.0053109341  -40.9428155446769  0  -160.981430493357
27  4  -156184.817928642  -221751.983458465  -5502.9060143914  0  0  21586.095468842  0  0  0  0  0  49752.804881147  -54.3940124474433  0  -214.434793326704
30  4  -156124.348384295  -221463.077548007  -5470.54093785426  0  0  21463.3956141274  0  0  0  0  0  49615.1334684851  -54.9197269909681  0  -214.339254055659
31  5  -156203.307003849  -221870.840888107  -5475.28841241152  0  0  21659.4139407336  0  0  0  0  0  49819.6959605903  -68.2721164677394  0  -268.015488186942
35  5  -156163.714832877  -221776.089990885  -5415.35193217357  0  0  21501.4060588535  0  0  0  0  0  49862.7359910742  -68.6751390743943  0  -267.739820672036
36  6  -156247.835711395  -221766.999635468  -5363.17288164228  0  0  21529.8523959457  0  0  0  0  0  49755.1546842806  -80.751975331972  0  -321.918299179378
37  7  -156385.017681933  -221792.01805079  -5412.45680918257  0  0  21430.8573837655  0  0  0  0  0  49858.4647178256  -94.2187433666991  0  -375.646180185518
40  7  -156330.479767021  -221669.955068826  -5368.7802164261  0  0  21538.2288581693  0  0  0  0  0  49639.5619184356  -93.5880241331696  0  -375.947234241244
41  8  -156408.919112607  -221924.500086774  -5308.5159146468  0  0  21645.83254423  0  0  0  0  0  49714.9128666728  -106.693504458256  0  -429.95501763082
42  9  -156507.528535349  -222105.037595552  -5306.73432947903  0  0  21630.1659135537  0  0  0  0  0  49877.9668756933  -120.495436558389  0  -483.393963006543
43  10  -156605.981573833  -222249.236333212  -5201.24444070038  0  0  21751.723523565  0  0  0  0  0  49763.3791211418  -133.534653847651  0  -537.06879078037
45  11  -156679.05110132  -222194.884641036  -5199.91356332198  0  0  21613.1858867926  0  0  0  0  0  49840.7849165309  -147.867726437825  0  -590.355973848166
45  11  -156668.290719555  -222247.204868147  -5265.47730230271  0  0  21697.4080085455  0  0  0  0  0  49884.8146249182  -147.759661262447  0  -590.071521306482
50  11  -156670.754583056  -222155.450056528  -5158.54764192059  0  0  21535.6170784906  0  0  0  0  0  49846.0752835832  -147.693115114944  0  -590.756131566544
55  11  -156638.44058911  -222178.624467485  -5181.41821858169  0  0  21633.4453962437  0  0  0  0  0  49826.4034897041  -147.619952531919  0  -590.626836460271
56  12  -156787.66576607  -222360.361603953  -5119.00126892754  0  0  21607.4226931751  0  0  0  0  0  49889.4534848038  -161.216454580941  0  -643.962616587597
60  12  -156732.905546324  -222140.515314496  -5100.97760473348  0  0  21593.5450669831  0  0  0  0  0  49720.1396408808  -161.207379705806  0  -643.88995525338
65  12  -156703.168203428  -222475.637723752  -5116.69079786319  0  0  21894.4022503129  0  0  0  0  0  49800.1042412094  -161.071050821419  0  -644.275122513288
66  12  -156702.386729177  -222475.374978084  -5069.92003864522  0  0  21852.6735200024  0  0  0  0  0  49796.0293637581  -164.356907938482  0  -641.437688270365
67  12  -156719.133646249  -222510.066942122  -5099.91976005178  0  0  21843.34545667  0  0  0  0  0  49852.116538774  -162.798739410023  0  -641.810200108965
70  12  -156672.484523612  -222394.024715075  -5153.09920080422  0  0  21786.7854436788  0  0  0  0  0  49892.5892825944  -162.869098671898  0  -641.866235334054
71  13  -156802.897465667  -222191.705724609  -5102.50052014221  0  0  21598.0755349592  0  0  0  0  0  49760.473604667  -169.431961177296  0  -697.808399364226
72  14  -156879.581071889  -222766.706209933  -5081.7486774413  0  0  21933.1564619339  0  0  0  0  0  49972.4252780548  -185.707811482405  0  -751.000113020871
75  14  -156858.749682992  -222285.974027722  -5132.53479273868  0  0  21606.8952207706  0  0  0  0  0  49889.8199699555  -186.571620847264  0  -750.384432411092
76  15  -156972.990212195  -222523.266847749  -5022.76768973802  0  0  21832.0284544296  0  0  0  0  0  49745.0045460014  -202.346570641906  0  -801.642104497469
77  16  -157070.527375822  -222756.212952884  -4986.01555612141  0  0  21831.4733227539  0  0  0  0  0  49911.9929882398  -217.354682404918  0  -854.410495405742
80  16  -157026.694359916  -222602.610545752  -4935.76983303049  0  0  21745.4891985889  0  0  0  0  0  49838.8642770737  -215.908635328051  0  -856.758821467502
81  17  -157110.973257144  -222952.205085928  -4941.22816659082  0  0  21919.72365082  0  0  0  0  0  50003.1749834447  -230.118563638888  0  -910.320075250985
85  17  -157122.400381869  -222595.075982386  -4973.25180241872  0  0  21659.9390093901  0  0  0  0  0  49921.317015405  -223.228832563997  0  -912.099789296108
85  17  -157146.786617797  -222888.045978939  -4932.89137772372  0  0  21878.315762736  0  0  0  0  0  49933.063145967  -226.352392821039  0  -910.875777015743
90  17  -157110.563148163  -222671.562745869  -4990.12277289052  0  0  21758.0768315835  0  0  0  0  0  49929.7463095702  -223.755068719069  0  -912.945701838319
91  18  -157167.917151879  -222910.835007121  -4926.27254900202  0  0  22027.238979932  0  0  0  0  0  49845.0027212051  -239.029532479246  0  -964.021764413418
92  17  -157158.19457267  -222568.946449474  -5001.33482849297  0  0  21783.4986186343  0  0  0  0  0  49764.8465418478  -226.488812833317  0  -909.769642351918
95  17  -157131.931931961  -222596.562349282  -4911.90439428302  0  0  21690.3034859  0  0  0  0  0  49824.2788636222  -227.233081213752  0  -910.814456704079
100  17  -157097.865197823  -222598.664004852  -4901.85183752061  0  0  21835.6863898718  0  0  0  0  0  49704.860680255  -226.540195741092  0  -911.356229835778
101  18  -157218.311558556  -222794.651968378  -4871.13089478759  0  0  21844.7627782939  0  0  0  0  0  49808.362037898  -241.461002759076  0  -964.192508823208
105  18  -157198.592662323  -222675.93012473  -4874.07846984714  0  0  21758.0945734568  0  0  0  0  0  49798.2449108485  -240.432431152968  0  -964.491120898703
106  19  -157279.348756782  -222875.58311855  -4879.43955875142  0  0  21840.5939977335  0  0  0  0  0  49907.8601913943  -254.005775476842  0  -1018.77449313163
107  20  -157345.638337461  -222857.172750357  -4784.30168154878  0  0  21717.9013236044  0  0  0  0  0  49916.6431041587  -266.391115257295  0  -1072.31721806143
110  20  -157331.076753122  -222909.514191951  -4828.32669271682  0  0  21907.3189802519  0  0  0  0  0  49836.8306293751  -265.588537580404  0  -1071.79694050087
111  21  -157435.161811071  -222905.956344504  -4950.20380388844  0  0  21921.8815473411  0  0  0  0  0  49901.9014447377  -275.120785999939  0  -1127.66386875748
112  21  -157448.355374199  -223007.910032504  -4858.9889425721  0  0  21908.1326902549  0  0  0  0  0  49911.4094946539  -273.287497722306  0  -1127.71108630858
113  20  -157409.003407759  -222689.106338208  -5003.65757451648  0  0  21699.2444614024  0  0  0  0  0  49914.3378798527  -254.3684097124  0  -1075.45342657728
115  20  -157355.214069805  -222594.837488958  -4977.89649589693  0  0  21684.5175596136  0  0  0  0  0  49863.2382364305  -255.0273287076  0  -1075.20855228615
116  19  -157311.967656738  -222876.53950477  -4952.22245027686  0  0  21918.789196516  0  0  0  0  0  49866.9906077597  -247.160904353243  0  -1021.82460161461
120  19  -157287.276935538  -222727.380286376  -4980.2634680115  0  0  21841.8348568519  0  0  0  0  0  49849.1479106798  -249.400710238406  0  -1021.21523844383
125  19  -157255.610546045  -222576.235743695  -4973.70085979025  0  0  21739.5909465584  0  0  0  0  0  49824.0498494037  -247.496533272677  0  -1021.81820524848
126  18  -157217.660988776  -222264.7612429  -4963.6379068967  0  0  21483.9646630245  0  0  0  0  0  49729.6379272646  -235.748574596321  0  -967.115854672622
129  19  -157282.733518453  -222748.583360293  -4930.29440644788  0  0  21849.0368378665  0  0  0  0  0  49816.3571679256  -250.199844378417  0  -1019.04991312613
130  19  -157288.194727596  -222415.313380654  -4966.10555118801  0  0  21615.0651352014  0  0  0  0  0  49746.8766232398  -249.313455524108  0  -1019.40409867122
135  19  -157283.0123539  -222508.133111265  -4972.38048796499  0  0  21587.6854907252  0  0  0  0  0  49878.6271020008  -250.172747576846  0  -1018.6385998202
140  19  -157214.594169058  -222576.600417002  -4944.93089390986  0  0  21671.1962851236  0  0  0  0  0  49904.5738430687  -249.790159247622  0  -1019.04282709181
141  19  -157230.578525015  -222633.554463656  -4979.66780712479  0  0  21767.7056469155  0  0  0  0  0  49882.3968101668  -250.357223240021  0  -1017.10148807656
142  19  -157256.503294939  -222653.115095998  -4924.76274952392  0  0  21849.103224637  0  0  0  0  0  49738.8504680321  -250.473230651051  0  -1016.105911435
143  20  -157319.082574903  -222771.072420928  -4917.6041208768  0  0  21874.6834994339  0  0  0  0  0  49824.2990154493  -258.989321647257  0  -1070.39922633472
145  20  -157323.667030741  -222563.661803939  -4930.95502211233  0  0  21738.1906390763  0  0  0  0  0  49765.3163652413  -261.814562026077  0  -1070.74264698152
145  20  -157385.569745995  -222961.844574744  -4925.14625262847  0  0  21918.8912449821  0  0  0  0  0  49915.5822266798  -262.844215961928  0  -1070.20817432279
