imc  pass  n_system  E_system  vol_system  vol_GC  pr_system  prob1  prob2
4  1  1537  -155953.969005944  30096.4744337948  30096.4744337948  -242.919250167631  914072801.524043  0.28598153591156
5  1  1537  -155902.394189273  30096.4744337948  30096.4744337948  355.895262123451  0  0
10  1  1537  -155891.191614696  30096.4744337948  30096.4744337948  829.586393514393  0  0
12  2  1538  -155959.067874567  30096.4744337948  30096.4744337948  -231.834271359298  6152829706.28639  0.896998345851898
13  3  1539  -156023.937551528  30096.4744337948  30096.4744337948  3414.29513921744  39677309.9084303  0.369635105133057
15  4  1539  -156027.38685818  30096.4744337948  30096.4744337948  3235.92035546611  325.662665179636  0.366016209125519
15  4  1539  -156084.034016271  30096.4744337948  30096.4744337948  5086.77366895965  0  0
20  4  1539  -156051.546200397  30096.4744337948  30096.4744337948  2426.56160244514  0  0
21  5  1538  -156034.561394124  30096.4744337948  30096.4744337948  2823.07407910805  1.92692696695074e+27  0.222319781780243
23  6  1539  -156097.99368958  30096.4744337948  30096.4744337948  1179.02315762732  3559847.80174682  0.956433653831482
24  7  1540  -156196.185305455  30096.4744337948  30096.4744337948  -970.196967560692  7.46089648849009e+31  0.399523079395294
25  7  1540  -156147.031559984  30096.4744337948  30096.4744337948  2337.56858775284  0  0
26  8  1539  -156108.362022634  30096.4744337948  30096.4744337948  4456.03006673151  307713954356.926  0.471340417861938
27  9  1540  -156184.817928642  30096.4744337948  30096.4744337948  1228.30986892456  1.09308408011407e+16  0.88873279094696
30  9  1540  -156124.348384295  30096.4744337948  30096.4744337948  -437.519855821206  0  0
31  10  1541  -156203.307003849  30096.4744337948  30096.4744337948  2313.11918539618  7.2704416896529e+17  0.615959525108337
35  10  1541  -156163.714832877  30096.4744337948  30096.4744337948  1221.26380085  0  0
36  11  1542  -156247.835711395  30096.4744337948  30096.4744337948  2815.74730723638  4.18703901088322e+21  0.620662987232208
37  12  1543  -156385.017681933  30096.4744337948  30096.4744337948  1370.06382890418  1.88726224005422e+60  0.100320339202881
40  12  1543  -156330.479767021  30096.4744337948  30096.4744337948  887.062941589134  0  0
41  13  1544  -156408.919112607  30096.4744337948  30096.4744337948  2165.10544709386  3.03691662786149e+17  0.14857941865921
42  14  1545  -156507.528535349  30096.4744337948  30096.4744337948  2823.59532932665  1.49881925947564e+32  0.710344731807709
43  15  1546  -156605.981573833  30096.4744337948  30096.4744337948  3238.35244235899  1.15224459965535e+32  0.20075136423111
45  16  1547  -156679.05110132  30096.4744337948  30096.4744337948  3814.38440234299  37132842858665  0.791605770587921
45  16  1547  -156668.290719555  30096.4744337948  30096.4744337948  5404.11424545093  0  0
50  16  1547  -156670.754583056  30096.4744337948  30096.4744337948  3419.60304142531  0  0
55  16  1547  -156638.44058911  30096.4744337948  30096.4744337948  3179.40849163049  0  0
56  17  1548  -156787.66576607  30096.4744337948  30096.4744337948  2884.01618341256  1.11614806246748e+69  0.539704203605652
60  17  1548  -156732.905546324  30096.4744337948  30096.4744337948  2883.69763149065  0  0
65  17  1548  -156703.168203428  30096.4744337948  30096.4744337948  2269.76940076619  0  0
66  18  1548  -156702.386729177  30096.4744337948  30096.4744337948  1138.32887235425  0.269592478763911  0.155757784843445
67  19  1548  -156719.133646249  30096.4744337948  30096.4744337948  1049.11445410253  1584444355796.04  0.878848910331726
70  19  1548  -156672.484523612  30096.4744337948  30096.4744337948  3045.73037667723  0  0
71  20  1549  -156802.897465667  30096.4744337948  30096.4744337948  777.944985068045  2.20298431423713e+55  0.666042506694794
72  21  1550  -156879.581071889  30096.4744337948  30096.4744337948  2738.81850407014  1.59117801705422e+16  0.126598536968231
75  21  1550  -156858.749682992  30096.4744337948  30096.4744337948  5107.00861256581  0  0
76  22  1551  -156972.990212195  30096.4744337948  30096.4744337948  -888.734382866528  3.63991891527833e+43  0.570314347743988
77  23  1552  -157070.527375822  30096.4744337948  30096.4744337948  3385.70300720659  2.46979784621904e+31  0.753057599067688
80  23  1552  -157026.694359916  30096.4744337948  30096.4744337948  4652.39953595309  0  0
81  24  1553  -157110.973257144  30096.4744337948  30096.4744337948  3939.67100147669  5.4191874907757e+21  0.0227068662643433
85  25  1553  -157122.400381869  30096.4744337948  30096.4744337948  2333.36650047955  211100055.273824  0.557522475719452
85  25  1553  -157146.786617797  30096.4744337948  30096.4744337948  3160.31912674213  0  0
90  25  1553  -157110.563148163  30096.4744337948  30096.4744337948  2583.64046782175  0  0
91  26  1554  -157167.917151879  30096.4744337948  30096.4744337948  2202.70676509215  131.605791417272  0.761878073215485
92  27  1553  -157158.19457267  30096.4744337948  30096.4744337948  -1130.56371116643  3.79752590780437e+32  0.99289208650589
95  27  1553  -157131.931931961  30096.4744337948  30096.4744337948  2372.03934279793  0  0
100  27  1553  -157097.865197823  30096.4744337948  30096.4744337948  -3886.25235054309  0  0
101  28  1554  -157218.311558556  30096.4744337948  30096.4744337948  3192.64760593719  1.20533382523567e+48  0.52682101726532
105  28  1554  -157198.592662323  30096.4744337948  30096.4744337948  -363.098086185475  0  0
106  29  1555  -157279.348756782  30096.4744337948  30096.4744337948  3688.64006949735  1.46915105564674e+19  0.271514177322388
107  30  1556  -157345.638337461  30096.4744337948  30096.4744337948  3146.0522973276  424765984.796489  0.0321289896965027
110  30  1556  -157331.076753122  30096.4744337948  30096.4744337948  2485.75366449631  0  0
111  31  1557  -157435.161811071  30096.4744337948  30096.4744337948  5611.20125026929  1.44979620477296e+36  0.907797813415527
112  32  1557  -157448.355374199  30096.4744337948  30096.4744337948  3776.54814880389  4086129561.82228  0.0321699380874634
113  33  1556  -157409.003407759  30096.4744337948  30096.4744337948  89.3047200252292  99032048749.415  0.297793865203857
115  33  1556  -157355.214069805  30096.4744337948  30096.4744337948  -1121.89043277807  0  0
116  34  1555  -157311.967656738  30096.4744337948  30096.4744337948  1654.92005595089  144029349.764753  0.694106876850128
120  34  1555  -157287.276935538  30096.4744337948  30096.4744337948  1693.35120440649  0  0
125  34  1555  -157255.610546045  30096.4744337948  30096.4744337948  3366.53770352492  0  0
126  35  1554  -157217.660988776  30096.4744337948  30096.4744337948  2148.82324772846  1039564678066.25  0.438498198986053
129  36  1555  -157282.733518453  30096.4744337948  30096.4744337948  3224.55087751268  55185578.0642137  0.240460336208344
130  36  1555  -157288.194727596  30096.4744337948  30096.4744337948  -555.6150146595  0  0
135  36  1555  -157283.0123539  30096.4744337948  30096.4744337948  4144.48374776057  0  0
140  36  1555  -157214.594169058  30096.4744337948  30096.4744337948  1927.11502278292  0  0
141  37  1555  -157230.578525015  30096.4744337948  30096.4744337948  995.358310093275  440922944014.755  0.959394335746765
142  38  1555  -157256.503294939  30096.4744337948  30096.4744337948  -992.126131194478  7.68784534492903e+18  0.376432001590729
143  39  1556  -157319.082574903  30096.4744337948  30096.4744337948  -270.374318197369  841882.558795122  0.683675110340118
145  40  1556  -157323.667030741  30096.4744337948  30096.4744337948  747.133273060838  2186.2864699341  0.0961090922355652
145  40  1556  -157385.569745995  30096.4744337948  30096.4744337948  2722.8767440176  0  0
