1imc  2nGCMC  3Pe  4Ke  5Te  6V  7Tmp  8P  9Px  10Py  11Pz  12Lx  13Ly  14Lz  15Dens
0  0  -155887.229868508  1348.44642047836  -154538.78344803  30096.4744337948  294.707381115637  -593.18962829983  2358.07245777923  -2838.05474625492  -1299.5865964238  30.5776  30.5776  32.1891  2.37800255774645
4  1  -155953.969005944  1373.21599451358  -154580.753011431  30096.4744337948  299.925461456844  -242.919250167631  2643.89182918978  -318.176807567758  -3054.47277212492  30.5776  30.5776  32.1891  2.37838551956732
5  1  -155902.394189273  1350.15824541636  -154552.235943856  30096.4744337948  294.889395706246  355.895262123451  802.392037231222  -1032.65822378279  1297.95197292192  30.5776  30.5776  32.1891  2.37838551956732
10  1  -155891.191614696  1372.73743369526  -154518.454181001  30096.4744337948  299.820938515919  829.586393514393  2276.40725803847  -11.5597330197285  223.911655524434  30.5776  30.5776  32.1891  2.37838551956732
12  2  -155959.067874567  1408.31295340869  -154550.754921159  30096.4744337948  307.390898625545  -231.834271359298  1094.8033356666  -1501.58719954995  -288.718950194548  30.5776  30.5776  32.1891  2.37876848138818
13  3  -156023.937551528  1404.81397549604  -154619.123576032  30096.4744337948  306.427813138891  3414.29513921744  4380.34788628099  1240.68526191896  4621.85226945237  30.5776  30.5776  32.1891  2.37915144320905
15  3  -156027.38685818  1412.81204818402  -154614.574809996  30096.4744337948  308.172408484505  3235.92035546611  4559.24506517478  2229.05427385125  2919.4617273723  30.5776  30.5776  32.1891  2.37915144320905
15  3  -156084.034016271  1435.78176031038  -154648.252255961  30096.4744337948  313.18272214744  5086.77366895965  7053.36205067486  6813.90754623673  1393.05140996736  30.5776  30.5776  32.1891  2.37915144320905
20  3  -156051.546200397  1360.05589860361  -154691.490301793  30096.4744337948  296.664869530924  2426.56160244514  4378.80296947807  1903.71692898337  997.164908873965  30.5776  30.5776  32.1891  2.37915144320905
21  2  -156034.561394124  1374.43964673225  -154660.121747392  30096.4744337948  299.997409732691  2823.07407910805  2358.56649518689  1966.15123390115  4144.5045082361  30.5776  30.5776  32.1891  2.37876848138818
23  3  -156097.99368958  1359.40262908077  -154738.5910605  30096.4744337948  296.522373830593  1179.02315762732  1323.65486259326  -684.832636370231  2898.24724665893  30.5776  30.5776  32.1891  2.37915144320905
24  4  -156196.185305455  1388.88664751457  -154807.29865794  30096.4744337948  302.756782413413  -970.196967560692  -498.515863994154  -1525.97800141284  -886.097037275079  30.5776  30.5776  32.1891  2.37953440502992
25  4  -156147.031559984  1332.80273988842  -154814.228820095  30096.4744337948  290.531318623082  2337.56858775284  2182.56876921965  3161.28158249752  1668.85541154137  30.5776  30.5776  32.1891  2.37953440502992
26  3  -156108.362022634  1365.90533225529  -154742.456690379  30096.4744337948  297.940788758132  4456.03006673151  6127.79308283442  4172.52215563697  3067.77496172314  30.5776  30.5776  32.1891  2.37915144320905
27  4  -156184.817928642  1401.51954884666  -154783.298379795  30096.4744337948  305.510568380536  1228.30986892456  2793.6169454784  -623.617897521361  1514.93055881663  30.5776  30.5776  32.1891  2.37953440502992
30  4  -156124.348384295  1359.43855373614  -154764.909830559  30096.4744337948  296.337532767288  -437.519855821206  1360.7173175264  -1691.52042349025  -981.756461499766  30.5776  30.5776  32.1891  2.37953440502992
31  5  -156203.307003849  1402.84029655647  -154800.466707292  30096.4744337948  305.599901444307  2313.11918539618  3161.12449037613  2457.18252653715  1321.05053927527  30.5776  30.5776  32.1891  2.37991736685079
35  5  -156163.714832877  1377.91425841287  -154785.800574464  30096.4744337948  300.1699214111  1221.26380085  1807.13384281521  141.002179998809  1715.65537973597  30.5776  30.5776  32.1891  2.37991736685079
36  6  -156247.835711395  1395.58304761076  -154852.252663784  30096.4744337948  303.821668783913  2815.74730723638  4207.08554768815  1560.0980783243  2680.05829569667  30.5776  30.5776  32.1891  2.38030032867166
37  7  -156385.017681933  1450.08425087039  -154934.933431063  30096.4744337948  315.481981746422  1370.06382890418  2821.0381142223  -296.489165004026  1585.64253749426  30.5776  30.5776  32.1891  2.38068329049253
40  7  -156330.479767021  1372.02348007397  -154958.456286947  30096.4744337948  298.498991514836  887.062941589134  4086.86163381098  -450.028663693128  -975.644145350448  30.5776  30.5776  32.1891  2.38068329049253
41  8  -156408.919112607  1383.86596252407  -155025.053150083  30096.4744337948  300.880332057252  2165.10544709386  4270.61181067201  2013.47541914653  211.22911146305  30.5776  30.5776  32.1891  2.38106625231339
42  9  -156507.528535349  1387.52438947343  -155120.004145875  30096.4744337948  301.480361911735  2823.59532932665  3162.43698727744  2613.7576335555  2694.59136714701  30.5776  30.5776  32.1891  2.38144921413426
43  10  -156605.981573833  1404.97531832738  -155201.006255506  30096.4744337948  305.074500831065  3238.35244235899  8538.68464375433  2666.13115654256  -1489.75847321992  30.5776  30.5776  32.1891  2.38183217595513
45  11  -156679.05110132  1388.56154383916  -155290.489557481  30096.4744337948  301.315409177435  3814.38440234299  6288.91621822054  292.756395975156  4861.48059283329  30.5776  30.5776  32.1891  2.382215137776
45  11  -156668.290719555  1356.88045587412  -155311.410263681  30096.4744337948  294.440668892623  5404.11424545093  8451.07902170941  4014.13044661181  3747.13326803159  30.5776  30.5776  32.1891  2.382215137776
50  11  -156670.754583056  1349.46370884164  -155321.290874215  30096.4744337948  292.831247850558  3419.60304142531  4174.8817320562  3594.16421083358  2489.76318138613  30.5776  30.5776  32.1891  2.382215137776
55  11  -156638.44058911  1319.62156901555  -155318.819020095  30096.4744337948  286.355556072743  3179.40849163049  6099.29186562966  3601.79981687516  -162.866207613331  30.5776  30.5776  32.1891  2.382215137776
56  12  -156787.66576607  1435.00719915545  -155352.658566914  30096.4744337948  311.192745602219  2884.01618341256  5655.30318487283  269.659330844547  2727.08603452029  30.5776  30.5776  32.1891  2.38259809959687
60  12  -156732.905546324  1396.00496480129  -155336.900581523  30096.4744337948  302.734800303801  2883.69763149065  3946.87419773318  3217.85841782795  1486.36027891082  30.5776  30.5776  32.1891  2.38259809959687
65  12  -156703.168203428  1388.28255540201  -155314.885648026  30096.4744337948  301.060134291642  2269.76940076619  6437.36056298483  689.343493181343  -317.39585386761  30.5776  30.5776  32.1891  2.38259809959687
66  12  -156702.386729177  1422.86671671329  -155279.520012464  30096.4744337948  308.559985246496  1138.32887235425  4478.51311171003  -1530.22278507901  466.696290431734  30.5776  30.5776  32.1891  2.38259809959687
67  12  -156719.133646249  1447.00424661894  -155272.12939963  30096.4744337948  313.794400939891  1049.11445410253  3325.76858059076  -2159.70135891626  1981.2761406331  30.5776  30.5776  32.1891  2.38259809959687
70  12  -156672.484523612  1383.57230608389  -155288.912217528  30096.4744337948  300.038679194666  3045.73037667723  3994.30090935251  -214.165357068371  5357.05557774755  30.5776  30.5776  32.1891  2.38259809959687
71  13  -156802.897465667  1419.50495285818  -155383.392512809  30096.4744337948  307.632102757933  777.944985068045  2963.20875259143  -807.214458754953  177.840661367659  30.5776  30.5776  32.1891  2.38298106141774
72  14  -156879.581071889  1409.4289712073  -155470.152100682  30096.4744337948  305.251266643957  2738.81850407014  6240.20786636955  -1050.17940294942  3026.42704879028  30.5776  30.5776  32.1891  2.38336402323861
75  14  -156858.749682992  1366.40365052188  -155492.34603247  30096.4744337948  295.932929994657  5107.00861256581  7163.73250674589  472.895965422443  7684.39736552911  30.5776  30.5776  32.1891  2.38336402323861
76  15  -156972.990212195  1412.62514919155  -155560.365063003  30096.4744337948  305.746105490535  -888.734382866528  2122.18579944388  -1825.63912091197  -2962.74982713149  30.5776  30.5776  32.1891  2.38374698505947
77  16  -157070.527375822  1447.16760468478  -155623.359771138  30096.4744337948  313.020465183629  3385.70300720659  4326.77931899855  987.757219355665  4842.57248326555  30.5776  30.5776  32.1891  2.38412994688034
80  16  -157026.694359916  1382.2341264182  -155644.460233497  30096.4744337948  298.975438534886  4652.39953595309  8581.14225197528  1887.58778323541  3488.46857264858  30.5776  30.5776  32.1891  2.38412994688034
81  17  -157110.973257144  1401.45070275517  -155709.522554389  30096.4744337948  302.936641946301  3939.67100147669  7810.31415142535  3076.36196186654  932.336891138195  30.5776  30.5776  32.1891  2.38451290870121
85  17  -157122.400381869  1383.4668827425  -155738.933499127  30096.4744337948  299.049271499881  2333.36650047955  6504.14270616495  715.716138902432  -219.759343628733  30.5776  30.5776  32.1891  2.38451290870121
85  17  -157146.786617797  1397.68824478355  -155749.098373013  30096.4744337948  302.123351560028  3160.31912674213  6052.3355435874  -388.096426549628  3816.71826318862  30.5776  30.5776  32.1891  2.38451290870121
90  17  -157110.563148163  1359.23106080195  -155751.332087361  30096.4744337948  293.810472518907  2583.64046782175  4753.0528435283  601.901546161239  2395.96701377572  30.5776  30.5776  32.1891  2.38451290870121
91  18  -157167.917151879  1358.05925058139  -155809.857901298  30096.4744337948  293.368148940082  2202.70676509215  4898.20852387066  -1120.49063590088  2830.40240730666  30.5776  30.5776  32.1891  2.38489587052208
92  17  -157158.19457267  1424.02629177287  -155734.168280897  30096.4744337948  307.816566094568  -1130.56371116643  1574.61464194394  -3787.59117869517  -1178.71459674805  30.5776  30.5776  32.1891  2.38451290870121
95  17  -157131.931931961  1393.71604611719  -155738.215885843  30096.4744337948  301.264723766152  2372.03934279793  5442.70521676479  -629.334007414509  2302.74681904352  30.5776  30.5776  32.1891  2.38451290870121
100  17  -157097.865197823  1355.73847577534  -155742.126722047  30096.4744337948  293.055517687037  -3886.25235054309  -230.504928215702  -6198.02375901933  -5230.22836439423  30.5776  30.5776  32.1891  2.38451290870121
101  18  -157218.311558556  1416.48956822879  -155801.821990327  30096.4744337948  305.990274317056  3192.64760593719  10121.8449665443  -3468.72535371588  2924.82320498317  30.5776  30.5776  32.1891  2.38489587052208
105  18  -157198.592662323  1391.43092392138  -155807.161738401  30096.4744337948  300.577102474763  -363.098086185475  -32.6638218564741  -1569.43903980244  512.80860310249  30.5776  30.5776  32.1891  2.38489587052208
106  19  -157279.348756782  1415.53206037287  -155863.81669641  30096.4744337948  305.586661500197  3688.64006949735  6088.45563641438  2658.56323397234  2318.90133810532  30.5776  30.5776  32.1891  2.38527883234295
107  20  -157345.638337461  1407.46652165368  -155938.171815808  30096.4744337948  303.65006487099  3146.0522973276  6022.18068736775  1191.80346619847  2224.17273841657  30.5776  30.5776  32.1891  2.38566179416381
110  20  -157331.076753122  1373.44515306006  -155957.631600062  30096.4744337948  296.310216553806  2485.75366449631  6545.13848379122  -389.816760346871  1301.93927004459  30.5776  30.5776  32.1891  2.38566179416381
111  21  -157435.161811071  1385.37382203038  -156049.787989041  30096.4744337948  298.691650373463  5611.20125026929  8429.76809101375  2588.92545694847  5814.91020284565  30.5776  30.5776  32.1891  2.38604475598468
112  21  -157448.355374199  1388.87416744233  -156059.481206756  30096.4744337948  299.446337614803  3776.54814880389  6576.63911027446  2267.32433543098  2485.68100070623  30.5776  30.5776  32.1891  2.38604475598468
113  20  -157409.003407759  1401.78689026929  -156007.216517489  30096.4744337948  302.424728131692  89.3047200252292  -313.34285059102  274.339988672215  306.917021994493  30.5776  30.5776  32.1891  2.38566179416381
115  20  -157355.214069805  1343.41189238414  -156011.802177421  30096.4744337948  289.830771812332  -1121.89043277807  175.404227867885  -2104.22634534559  -1436.84918085649  30.5776  30.5776  32.1891  2.38566179416381
116  19  -157311.967656738  1383.82359059385  -155928.144066144  30096.4744337948  298.741401196803  1654.92005595089  4721.66016488231  724.428796565597  -481.32879359524  30.5776  30.5776  32.1891  2.38527883234295
120  19  -157287.276935538  1367.89080744045  -155919.386128098  30096.4744337948  295.301813957096  1693.35120440649  5043.37513019864  -1134.35433294567  1171.0328159665  30.5776  30.5776  32.1891  2.38527883234295
125  19  -157255.610546045  1347.22835610675  -155908.382189938  30096.4744337948  290.841180603577  3366.53770352492  7056.4641191273  583.512780277902  2459.63621116956  30.5776  30.5776  32.1891  2.38527883234295
126  18  -157217.660988776  1399.3515672786  -155818.309421498  30096.4744337948  302.288120958771  2148.82324772846  6179.91642780514  549.326759826616  -282.773444446374  30.5776  30.5776  32.1891  2.38489587052208
129  19  -157282.733518453  1399.24145830201  -155883.492060151  30096.4744337948  302.069827908063  3224.55087751268  3126.17657618122  4878.54475623748  1668.93130011934  30.5776  30.5776  32.1891  2.38527883234295
130  19  -157288.194727596  1420.56477257223  -155867.629955024  30096.4744337948  306.673129099447  -555.6150146595  -638.14914185192  91.8596503163469  -1120.55555244293  30.5776  30.5776  32.1891  2.38527883234295
135  19  -157283.0123539  1432.16403424767  -155850.848319653  30096.4744337948  309.177190823297  4144.48374776057  5433.75513873018  2345.56581202331  4654.1302925282  30.5776  30.5776  32.1891  2.38527883234295
140  19  -157214.594169058  1374.47464291119  -155840.119526147  30096.4744337948  296.72313980177  1927.11502278292  4308.49738858436  553.062522235725  919.785157528675  30.5776  30.5776  32.1891  2.38527883234295
141  19  -157230.578525015  1414.29488900904  -155816.283636006  30096.4744337948  305.319579547508  995.358310093275  2911.10685830256  -1770.95320823487  1845.92128021213  30.5776  30.5776  32.1891  2.38527883234295
142  19  -157256.503294939  1452.37725273133  -155804.126042208  30096.4744337948  313.540843281278  -992.126131194478  935.793462255806  -2226.7679620161  -1685.40389382314  30.5776  30.5776  32.1891  2.38527883234295
143  20  -157319.082574903  1405.18798914073  -155913.894585763  30096.4744337948  303.158489025509  -270.374318197369  1863.89877565983  -302.170344925461  -2372.85138532647  30.5776  30.5776  32.1891  2.38566179416381
145  20  -157323.667030741  1384.39766578382  -155939.269364957  30096.4744337948  298.673136842072  747.133273060838  5637.43894878358  -2545.12315237482  -850.915977226242  30.5776  30.5776  32.1891  2.38566179416381
145  20  -157385.569745995  1422.32248589147  -155963.247260104  30096.4744337948  306.855124767707  2722.8767440176  3857.34334019438  3326.5633311058  984.723560752619  30.5776  30.5776  32.1891  2.38566179416381
