# Created by Nicolas Onofrio and described in Exploring the compositional ternary diagram of Ge/S/Cu glasses for resistance switching memories
 39       ! Number of general parameters
   50.0000 !G1
    5.5469 !G2
   21.2839 !G3
    3.0000 !G4
    6.5000 !G5
    1.0000 !G6
    1.0159 !G7
    9.0000 !G8
    8.0878 !G9
   13.0238 !G10
  -13.8107 !G11
    0.0000 !G12
   10.0000 !G13
    2.8793 !G14
   33.8667 !G15
   25.6125 !G16
    1.0563 !G17
    2.0384 !G18
    6.1431 !G19
    6.9290 !G20
    0.3989 !G21
    3.9954 !G22
   -2.4837 !G23
    4.7747 !G24
   10.0000 !G25
    2.3276 !G26
   -1.2327 !G27
    2.1645 !G28
    1.5591 !G29
    0.1000 !G30
    2.8921 !G31
    1.6356 !G32
    5.6937 !G33
    2.5067 !G34
    0.5000 !G35
   20.0000 !G36
    5.0000 !G37
    0.0000 !G38
    1.6052 !G39
4  ! Nr of atoms; cov.r; valency;a.m;Rvdw;Evdw;gammaEEM;cov.r2;#
           alfa;gammavdW;valency;Eunder;Eover;chiEEM;etaEEM;n.u.
           cov r3;Elp;Heat inc.;n.u.;n.u.;n.u.;n.u.
           ov/un;val1;n.u.;val3,vval4
  H      0.7853   1.0000   1.0080   1.5904   0.0419   1.0206  -0.1000   1.0000
         9.3557   5.0518   1.0000   0.0000 121.1250   5.3200   7.4366   1.0000
        -0.1000   0.0000  54.5000   1.9771   3.3517   0.7571   1.0698   0.0000
       -15.7683   2.1488   1.0338   1.0000   2.8793   0.0000   0.0000   0.0000
  Ge     2.0929   4.0000  72.6100   2.2424   0.2273   1.1700   1.0286   4.0000
        11.8182   1.1888   4.0000  25.7037 148.6098   2.3500   5.5300   0.0000
        -1.0000   0.0000 124.5154   8.7895  23.9298   0.8381   0.8563   0.0000
        -4.6739   2.1607   1.0338   6.2998   2.5791   0.0000   0.0000   0.0000
  S      1.9141   2.0000  32.0600   1.5570   0.4254   1.0853   1.2997   6.0000
        11.1992   9.4998   4.0000  20.0000 112.1416   8.0000   6.7092   2.0000
         1.0000  22.0629  65.0000  45.6596  31.5132  15.1425   0.9745   0.0000
        -1.5413   4.9373   1.0338   6.2998   3.6314   0.0000   0.0000   0.0000
  Cu     1.9202   2.0000  63.5460   1.9221   0.2826   1.0000   0.1000   1.0000
        10.9889 100.0000   1.0000   0.0000   0.0000   2.7875   6.0000   0.0000
        -1.0000   0.0000  80.7000  34.9555   0.4988   0.0000   0.8563   0.0000
        -5.1872   3.1491   1.0000   4.0000   2.5791   0.0000   0.0000   0.0000
10 ! Nr of bonds; Edis1;LPpen;n.u.;pbe1;pbo5;13corr;pbo6
           pbe2;pbo3;pbo4;n.u.;pbo1;pbo2;ovcorr
  1  1   156.0973   0.0000   0.0000  -0.1377   0.0000   1.0000   6.0000   0.8240
           2.9907   1.0000   0.0000   1.0000  -0.0593   4.8358   0.0000
  1  2   162.9962   0.0000   0.0000  -0.6509   0.0000   1.0000   6.0000   0.5022
          12.6086   1.0000   0.0000   1.0000  -0.0428   6.9507   0.0000
  1  3   207.3207   0.0000   0.0000  -0.6857   0.0000   1.0000   6.0000   0.2716
          10.0000   1.0000   0.0000   1.0000  -0.0501   5.3373   0.0000
  1  4    12.7278   0.0000   0.0000   0.4667  -0.1418   1.0000  13.1260   0.2398
           0.5733  -0.2000  20.0000   1.0000  -0.0517   9.6453   0.0000
  2  2    77.5611  54.4729  30.0000   0.8710  -0.3000   1.0000  16.0000   0.0651
           0.3279  -0.5942   7.1146   1.0000  -0.0798   8.6579   0.0000
  2  4   122.4139   0.0000   0.0000  -0.4770  -0.2000   0.0000  16.0000   0.1645
           6.1658  -0.2467  14.3235   1.0000  -0.1124   5.7492   0.0000
  3  2   164.0038 220.0000   0.0000  -0.1620  -0.3000   1.0000  36.0000   0.5207
           3.3819  -0.3497   5.7892   1.0000  -0.4283   3.8937   1.0000
  3  3    83.9985   5.7058   0.0000  -0.9992  -0.4781   1.0000  17.8574   0.3464
           2.1092  -0.1966   9.9532   1.0000  -0.0956   6.2130   1.0000
  3  4    85.1906   0.0000   0.0000  -0.2450  -0.2000   0.0000  16.0000   0.0998
           0.6079  -0.2000  15.0000   1.0000  -0.1087   4.4520   1.0000
  4  4    73.6263   0.0000   0.0000   0.0209  -0.2000   0.0000  16.0000   0.3414
           0.4703  -0.2000  15.0000   1.0000  -0.1319   5.9254   0.0000
6  ! Nr of off-diagonal terms; Ediss;Ro;gamma;rsigma;rpi;rpi2
  1  2     0.0646   1.4678  13.5106   1.3011  -1.0000  -1.0000
  1  3     0.1047   1.5962  10.8899   1.3282  -1.0000  -1.0000
  1  4     0.3500   1.6000   9.2813   1.5008  -1.0000  -1.0000
  2  4     0.1823   1.7412  13.4633   1.7280   1.2000  -1.0000
  3  2     0.2515   1.8740  13.1536   1.8244   1.4403  -1.0000
  3  4     0.1917   2.2960  10.1550   1.5473  -1.0000  -1.0000
28 ! Nr of angles;at1;at2;at3;Thetao,o;ka;kb;pv1;pv2;val(bo)
  1  1  1      0.0000  27.9213   5.8635   0.0000   0.0000   0.0000   1.0400
  1  1  2      0.0000  17.2818   4.2205   0.0000   1.6371   0.0000   1.1873
  1  1  4     96.6789   1.2930   4.1372   0.0000   3.1430   0.0000   1.0062
  1  2  1     75.1956  16.5346   0.6480   0.0000   2.8421   0.0000   1.0400
  1  2  2     72.6760  10.7559   2.4416   0.0000   1.6264   0.0000   1.0150
  1  3  1     97.6131  66.7825   0.5888   0.0000   3.4386   0.0000   1.0010
  1  3  3     99.2287  51.4175   0.3123   0.0000   0.6665   0.0000   2.4049
  1  4  1     40.9054   6.5138   3.0571   0.0000   4.0958   0.0000   1.9830
  1  4  4     43.8466  25.4703   4.0334   0.0000   1.8688   0.0000   1.0000
  2  1  2      0.0000  10.1924   2.6237   0.0000   0.9460   0.0000   1.0000
  2  2  2     73.2784  31.4393   1.7107   0.0000   0.0133   0.0000   1.2899
  2  2  4     76.4334   5.2457   3.1301   0.0000   0.6701   0.0000   1.4251
  2  3  2     83.4531  27.8105   0.7369   0.0000   2.7349   0.0000   1.0187
  2  3  4     79.2636  15.1510   0.4202   0.0000   2.9102   0.0000   1.9786
  2  4  2     65.1206  13.3840  10.3961   0.0000   1.3934   0.0000   3.4370
  2  4  4     61.1467   3.7265   0.7316   0.0000   0.5297   0.0000   1.4882
  3  2  2     80.4446  10.9976   1.0425   0.0000   2.1893   0.0000   1.1434
  3  2  3     80.5997  34.9393   0.7314   0.0000   1.5602   0.0000   1.0368
  3  2  4     66.3789  28.1002   0.5906   0.0000   1.4929   0.0000   1.7997
  3  3  2     85.0993  10.9203   3.5376   0.0000   3.7765   0.0000   1.3477
  3  3  3     72.1872   6.7987   5.3716   0.0000   0.1806   0.0000   2.4307
  3  3  4     73.6051   6.6698   0.6421   0.0000   0.0048   0.0000   2.3526
  3  4  2     79.2648   9.8555   0.9401   0.0000   2.1893   0.0000   1.4870
  3  4  3     17.2971   7.3020   2.8574   0.0000   0.9242   0.0000   1.9503
  3  4  4     30.8769   2.2449   0.7014   0.0000   0.7425   0.0000   1.5711
  4  1  4     93.4818  27.6107   0.0100   0.0000   1.3897   0.0000   1.4564
  4  2  4    102.9985   2.4713   2.1266   0.0000   0.0536   0.0000   1.2117
  4  3  4     87.5322   0.0416   3.3471   0.0000   0.1256   0.0000   1.0150
5  ! Nr of torsions;at1;at2;at3;at4;;V1;V2;V3;V2(BO);vconj;n.u;n
  1  2  2  1      0.0000   0.0000   0.1840  -2.2137   0.0000   0.0000   0.0000
  1  3  3  1      0.0000  50.0000   0.0000  -8.0000   0.0000   0.0000   0.0000  
  3  3  3  3      1.9216 -20.9081  -0.2590  -2.7243   0.0000   0.0000   0.0000
  0  1  1  0      0.0000   0.0000   0.0000   0.0000   0.0000   0.0000   0.0000
  0  1  2  0      0.0000   0.0000   0.5302  -2.6719   0.0000   0.0000   0.0000
1  ! Nr of hydrogen bonds;at1;at2;at3;Rhb;Dehb;vhb1
  3  1  3      1.5000  -2.0000   1.7976   3.0000
