# Exponential Bond potential for OH 			
OHbond			
N	1600	EQ	1.7623
			
1	0.100	8.0067641419E+03	5.5105052594E+04
2	0.111	7.4229849833E+03	5.1087302019E+04
3	0.122	6.8817695996E+03	4.7362488641E+04
4	0.133	6.3800146340E+03	4.3909254192E+04
5	0.144	5.9148429981E+03	4.0707797647E+04
6	0.155	5.4835873738E+03	3.7739761692E+04
7	0.166	5.0837749194E+03	3.4988127457E+04
8	0.177	4.7131130900E+03	3.2437116930E+04
9	0.188	4.3694764916E+03	3.0072102489E+04
10	0.199	4.0508946944E+03	2.7879523018E+04
11	0.210	3.7555409343E+03	2.5846806155E+04
12	0.221	3.4817216375E+03	2.3962296198E+04
13	0.232	3.2278667104E+03	2.2215187270E+04
14	0.243	2.9925205357E+03	2.0595461361E+04
15	0.254	2.7743336266E+03	1.9093830878E+04
16	0.265	2.5720548881E+03	1.7701685396E+04
17	0.276	2.3845244436E+03	1.6411042282E+04
18	0.287	2.2106669840E+03	1.5214500922E+04
19	0.298	2.0494856018E+03	1.4105200287E+04
20	0.309	1.9000560746E+03	1.3076779591E+04
21	0.320	1.7615215659E+03	1.2123341816E+04
22	0.331	1.6330877118E+03	1.1239419902E+04
23	0.342	1.5140180660E+03	1.0419945396E+04
24	0.353	1.4036298771E+03	9.6602193882E+03
25	0.364	1.3012901736E+03	8.9558855717E+03
26	0.375	1.2064121343E+03	8.3029052602E+03
27	0.386	1.1184517238E+03	7.6975342313E+03
28	0.397	1.0369045726E+03	7.1363012567E+03
29	0.408	9.6130308513E+02	6.6159881978E+03
30	0.419	8.9121375863E+02	6.1336115529E+03
31	0.430	8.2623469732E+02	5.6864053497E+03
32	0.441	7.6599330793E+02	5.2718052851E+03
33	0.452	7.1014416328E+02	4.8874340212E+03
34	0.463	6.5836702151E+02	4.5310875534E+03
35	0.474	6.1036498985E+02	4.2007225729E+03
36	0.485	5.6586282219E+02	3.8944447501E+03
37	0.496	5.2460534085E+02	3.6104978723E+03
38	0.507	4.8635597331E+02	3.3472537737E+03
39	0.518	4.5089539575E+02	3.1032029990E+03
40	0.529	4.1802027541E+02	2.8769461487E+03
41	0.540	3.8754210466E+02	2.6671858545E+03
42	0.551	3.5928612013E+02	2.4727193402E+03
43	0.562	3.3309030054E+02	2.2924315247E+03
44	0.573	3.0880443775E+02	2.1252886287E+03
45	0.584	2.8628927537E+02	1.9703322461E+03
46	0.595	2.6541571030E+02	1.8266738493E+03
47	0.606	2.4606405247E+02	1.6934896935E+03
48	0.617	2.2812333847E+02	1.5700160941E+03
49	0.628	2.1149069534E+02	1.4555450471E+03
50	0.639	1.9607075066E+02	1.3494201697E+03
51	0.650	1.8177508567E+02	1.2510329364E+03
52	0.661	1.6852172829E+02	1.1598191899E+03
53	0.672	1.5623468312E+02	1.0752559058E+03
54	0.683	1.4484349559E+02	9.9685819399E+02
55	0.694	1.3428284805E+02	9.2417651792E+02
56	0.705	1.2449218523E+02	8.5679411719E+02
57	0.716	1.1541536695E+02	7.9432461766E+02
58	0.727	1.0700034627E+02	7.3640981603E+02
59	0.738	9.9198871042E+01	6.8271762589E+02
60	0.749	9.1966207204E+01	6.3294017346E+02
61	0.760	8.5260882293E+01	5.8679203230E+02
62	0.771	7.9044447633E+01	5.4400858660E+02
63	0.782	7.3281257871E+01	5.0434451391E+02
64	0.793	6.7938266583E+01	4.6757237841E+02
65	0.804	6.2984836783E+01	4.3348132679E+02
66	0.815	5.8392565252E+01	4.0187587923E+02
67	0.826	5.4135119672E+01	3.7257480848E+02
68	0.837	5.0188087631E+01	3.4541010070E+02
69	0.848	4.6528836647E+01	3.2022599206E+02
70	0.859	4.3136384387E+01	2.9687807562E+02
71	0.870	3.9991278357E+01	2.7523247321E+02
72	0.881	3.7075484359E+01	2.5516506785E+02
73	0.892	3.4372283081E+01	2.3656079202E+02
74	0.903	3.1866174229E+01	2.1931296785E+02
75	0.914	2.9542787646E+01	2.0332269543E+02
76	0.925	2.7388800916E+01	1.8849828572E+02
77	0.936	2.5391862968E+01	1.7475473481E+02
78	0.947	2.3540523259E+01	1.6201323647E+02
79	0.958	2.1824166112E+01	1.5020073029E+02
80	0.969	2.0232949847E+01	1.3924948278E+02
81	0.980	1.8757750350E+01	1.2909669890E+02
82	0.991	1.7390108751E+01	1.1968416208E+02
83	1.002	1.6122182923E+01	1.1095790036E+02
84	1.013	1.4946702515E+01	1.0286787691E+02
85	1.024	1.3856927262E+01	9.5367703109E+01
86	1.035	1.2846608337E+01	8.8414372589E+01
87	1.046	1.1909952521E+01	8.1968014595E+01
88	1.057	1.1041588980E+01	7.5991665380E+01
89	1.068	1.0236538474E+01	7.0451056254E+01
90	1.079	9.4901848019E+00	6.5314417081E+01
91	1.090	8.7982483342E+00	6.0552294110E+01
92	1.101	8.1567614715E+00	5.6137381084E+01
93	1.112	7.5620458955E+00	5.2044362667E+01
94	1.123	7.0106914767E+00	4.8249769282E+01
95	1.134	6.4995367207E+00	4.4731842538E+01
96	1.145	6.0256506401E+00	4.1470410462E+01
97	1.156	5.5863159478E+00	3.8446771836E+01
98	1.167	5.1790134763E+00	3.5643588963E+01
99	1.178	4.8014077325E+00	3.3044788249E+01
100	1.189	4.4513335057E+00	3.0635468037E+01
101	1.200	4.1267834525E+00	2.8401813162E+01
102	1.211	3.8258965862E+00	2.6331015735E+01
103	1.222	3.5469476063E+00	2.4411201695E+01
104	1.233	3.2883370050E+00	2.2631362732E+01
105	1.244	3.0485818960E+00	2.0981293159E+01
106	1.255	2.8263075112E+00	1.9451531391E+01
107	1.266	2.6202393179E+00	1.8033305698E+01
108	1.277	2.4291957106E+00	1.6718483900E+01
109	1.288	2.2520812356E+00	1.5499526742E+01
110	1.299	2.0878803093E+00	1.4369444661E+01
111	1.310	1.9356513952E+00	1.3321757710E+01
112	1.321	1.7945216051E+00	1.2350458397E+01
113	1.332	1.6636816935E+00	1.1449977244E+01
114	1.343	1.5423814177E+00	1.0615150844E+01
115	1.354	1.4299252356E+00	9.8411922614E+00
116	1.365	1.3256683178E+00	9.1236635774E+00
117	1.376	1.2290128498E+00	8.4584504461E+00
118	1.387	1.1394046043E+00	7.8417385015E+00
119	1.398	1.0563297629E+00	7.2699914857E+00
120	1.409	9.7931197027E-01	6.7399309722E+00
121	1.420	9.0790960249E-01	6.2485175670E+00
122	1.431	8.4171323472E-01	5.7929334805E+00
123	1.442	7.8034329360E-01	5.3705663703E+00
124	1.453	7.2344788077E-01	4.9789943618E+00
125	1.464	6.7070075501E-01	4.6159721611E+00
126	1.475	6.2179946162E-01	4.2794181804E+00
127	1.486	5.7646359808E-01	3.9674026021E+00
128	1.497	5.3443320624E-01	3.6781363128E+00
129	1.508	4.9546728169E-01	3.4099606448E+00
130	1.519	4.5934239183E-01	3.1613378653E+00
131	1.530	4.2585139469E-01	2.9308423585E+00
132	1.541	3.9480225118E-01	2.7171524513E+00
133	1.552	3.6601692394E-01	2.5190428351E+00
134	1.563	3.3933035642E-01	2.3353775390E+00
135	1.574	3.1458952648E-01	2.1651034170E+00
136	1.585	2.9165256896E-01	2.0072441084E+00
137	1.596	2.7038796215E-01	1.8608944401E+00
138	1.607	2.5067377371E-01	1.7252152355E+00
139	1.618	2.3239696150E-01	1.5994285031E+00
140	1.629	2.1545272532E-01	1.4828129753E+00
141	1.640	1.9974390607E-01	1.3746999729E+00
142	1.651	1.8518042857E-01	1.2744695703E+00
143	1.662	1.7167878510E-01	1.1815470413E+00
144	1.673	1.5916155655E-01	1.0953995633E+00
145	1.684	1.4755696849E-01	1.0155331624E+00
146	1.695	1.3679847962E-01	9.4148988039E-01
147	1.706	1.2682440022E-01	8.7284514946E-01
148	1.717	1.1757753840E-01	8.0920535717E-01
149	1.728	1.0900487218E-01	7.5020558970E-01
150	1.739	1.0105724547E-01	6.9550753938E-01
151	1.750	9.3689086166E-02	6.4479756480E-01
152	1.761	8.6858144862E-02	5.9778489237E-01
153	1.772	8.0525252594E-02	5.5419994903E-01
154	1.783	7.4654096236E-02	5.1379281649E-01
155	1.794	6.9211010276E-02	4.7633179818E-01
156	1.805	6.4164783782E-02	4.4160209072E-01
157	1.816	5.9486481434E-02	4.0940455220E-01
158	1.827	5.5149277607E-02	3.7955456027E-01
159	1.838	5.1128302553E-02	3.5188095357E-01
160	1.849	4.7400499796E-02	3.2622505021E-01
161	1.860	4.3944493925E-02	3.0243973795E-01
162	1.871	4.0740468024E-02	2.8038863059E-01
163	1.882	3.7770050048E-02	2.5994528594E-01
164	1.893	3.5016207466E-02	2.4099248084E-01
165	1.904	3.2463149605E-02	2.2342153892E-01
166	1.915	3.0096237102E-02	2.0713170751E-01
167	1.926	2.7901897958E-02	1.9202957989E-01
168	1.937	2.5867549721E-02	1.7802855968E-01
169	1.948	2.3981527335E-02	1.6504836432E-01
170	1.959	2.2233016251E-02	1.5301456470E-01
171	1.970	2.0611990418E-02	1.4185815841E-01
172	1.981	1.9109154789E-02	1.3151517405E-01
173	1.992	1.7715892029E-02	1.2192630440E-01
174	2.003	1.6424213099E-02	1.1303656641E-01
175	2.014	1.5226711445E-02	1.0479498586E-01
176	2.025	1.4116520532E-02	9.7154305105E-02
177	2.036	1.3087274468E-02	9.0070712098E-02
178	2.047	1.2133071504E-02	8.3503589152E-02
179	2.058	1.1248440191E-02	7.7415280049E-02
180	2.069	1.0428308009E-02	7.1770874113E-02
181	2.080	9.6679722767E-03	6.6538006034E-02
182	2.091	8.9630731913E-03	6.1686670277E-02
183	2.102	8.3095688251E-03	5.7189049037E-02
184	2.113	7.7037119507E-03	5.3019352723E-02
185	2.124	7.1420285539E-03	4.9153672085E-02
186	2.135	6.6212979135E-03	4.5569841111E-02
187	2.146	6.1385341332E-03	4.2247309933E-02
188	2.157	5.6909690211E-03	3.9167026986E-02
189	2.168	5.2760362158E-03	3.6311329772E-02
190	2.179	4.8913564715E-03	3.3663843576E-02
191	2.190	4.5347240150E-03	3.1209387577E-02
192	2.201	4.2040938974E-03	2.8933887800E-02
193	2.212	3.8975702688E-03	2.6824296413E-02
194	2.223	3.6133955071E-03	2.4868516910E-02
195	2.234	3.3499401397E-03	2.3055334754E-02
196	2.245	3.1056935001E-03	2.1374353063E-02
197	2.256	2.8792550655E-03	1.9815933004E-02
198	2.267	2.6693264264E-03	1.8371138517E-02
199	2.278	2.4747038414E-03	1.7031685075E-02
200	2.289	2.2942713345E-03	1.5789892185E-02
201	2.300	2.1269942966E-03	1.4638639343E-02
202	2.311	1.9719135525E-03	1.3571325206E-02
203	2.322	1.8281398614E-03	1.2581829741E-02
204	2.333	1.6948488176E-03	1.1664479130E-02
205	2.344	1.5712761234E-03	1.0814013237E-02
206	2.355	1.4567132067E-03	1.0025555449E-02
207	2.366	1.3505031580E-03	9.2945847072E-03
208	2.377	1.2520369632E-03	8.6169095886E-03
209	2.388	1.1607500123E-03	7.9886442694E-03
210	2.399	1.0761188613E-03	7.4061862443E-03
211	2.410	9.9765823073E-04	6.8661956692E-03
212	2.421	9.2491822339E-04	6.3655762105E-03
213	2.432	8.5748174435E-04	5.9014572908E-03
214	2.443	7.9496210941E-04	5.4711776284E-03
215	2.454	7.3700082779E-04	5.0722699779E-03
216	2.465	6.8326554653E-04	4.7024469823E-03
217	2.476	6.3344814480E-04	4.3595880578E-03
218	2.487	5.8726296707E-04	4.0417272338E-03
219	2.498	5.4444518516E-04	3.7470418800E-03
220	2.509	5.0474927975E-04	3.4738422556E-03
221	2.520	4.6794763246E-04	3.2205618201E-03
222	2.531	4.3382922079E-04	2.9857482505E-03
223	2.542	4.0219840802E-04	2.7680551137E-03
224	2.553	3.7287382145E-04	2.5662341463E-03
225	2.564	3.4568731241E-04	2.3791280964E-03
226	2.575	3.2048299207E-04	2.2056640886E-03
227	2.586	2.9711633756E-04	2.0448474711E-03
228	2.597	2.7545336329E-04	1.8957561135E-03
229	2.608	2.5536985268E-04	1.7575351182E-03
230	2.619	2.3675064583E-04	1.6293919190E-03
231	2.630	2.1948897928E-04	1.5105917362E-03
232	2.641	2.0348587373E-04	1.4004533636E-03
233	2.652	1.8864956657E-04	1.2983452620E-03
234	2.663	1.7489498566E-04	1.2036819385E-03
235	2.674	1.6214326152E-04	1.1159205886E-03
236	2.685	1.5032127513E-04	1.0345579843E-03
237	2.696	1.3936123859E-04	9.5912758839E-04
238	2.707	1.2920030652E-04	8.8919687898E-04
239	2.718	1.1978021559E-04	8.2436486986E-04
240	2.729	1.1104695054E-04	7.6425981100E-04
241	2.740	1.0295043437E-04	7.0853705690E-04
242	2.751	9.5444241243E-05	6.5687709046E-04
243	2.762	8.8485330271E-05	6.0898369078E-04
244	2.773	8.2033798699E-05	5.6458223468E-04
245	2.784	7.6052653116E-05	5.2341812193E-04
246	2.795	7.0507597329E-05	4.8525531541E-04
247	2.806	6.5366835704E-05	4.4987498764E-04
248	2.817	6.0600890852E-05	4.1707426601E-04
249	2.828	5.6182434601E-05	3.8666506952E-04
250	2.839	5.2086131298E-05	3.5847303027E-04
251	2.850	4.8288492531E-05	3.3233649368E-04
252	2.861	4.4767742446E-05	3.0810559151E-04
253	2.872	4.1503692881E-05	2.8564138252E-04
254	2.883	3.8477627609E-05	2.6481505581E-04
255	2.894	3.5672195018E-05	2.4550719214E-04
256	2.905	3.3071308615E-05	2.2760707925E-04
257	2.916	3.0660054783E-05	2.1101207697E-04
258	2.927	2.8424607271E-05	1.9562702871E-04
259	2.938	2.6352147908E-05	1.8136371581E-04
260	2.949	2.4430793106E-05	1.6814035173E-04
261	2.960	2.2649525719E-05	1.5588111300E-04
262	2.971	2.0998131868E-05	1.4451570453E-04
263	2.982	1.9467142378E-05	1.3397895649E-04
264	2.993	1.8047778476E-05	1.2421045062E-04
265	3.004	1.6731901456E-05	1.1515417382E-04
266	3.015	1.5511966014E-05	1.0675819693E-04
267	3.026	1.4380976977E-05	9.8974376993E-05
268	3.037	1.3332449196E-05	9.1758081184E-05
269	3.048	1.2360370359E-05	8.5067930897E-05
270	3.059	1.1459166517E-05	7.8865564467E-05
271	3.070	1.0623670121E-05	7.3115417211E-05
272	3.081	9.8490903911E-06	6.7784517489E-05
273	3.092	9.1309858486E-06	6.2842297651E-05
274	3.103	8.4652388451E-06	5.8260418755E-05
275	3.114	7.8480319532E-06	5.4012608074E-05
276	3.125	7.2758260772E-06	5.0074508446E-05
277	3.136	6.7453401593E-06	4.6423538605E-05
278	3.147	6.2535323662E-06	4.3038763704E-05
279	3.158	5.7975826469E-06	3.9900775271E-05
280	3.169	5.3748765625E-06	3.6991579921E-05
281	3.180	4.9829902946E-06	3.4294496178E-05
282	3.191	4.6196767475E-06	3.1794058827E-05
283	3.202	4.2828526627E-06	2.9475930232E-05
284	3.213	3.9705866737E-06	2.7326818126E-05
285	3.224	3.6810882313E-06	2.5334399390E-05
286	3.235	3.4126973368E-06	2.3487249393E-05
287	3.246	3.1638750230E-06	2.1774776483E-05
288	3.257	2.9331945301E-06	2.0187161253E-05
289	3.268	2.7193331244E-06	1.8715300237E-05
290	3.279	2.5210645136E-06	1.7350753707E-05
291	3.290	2.3372518154E-06	1.6085697285E-05
292	3.301	2.1668410385E-06	1.4912877072E-05
293	3.312	2.0088550387E-06	1.3825568057E-05
294	3.323	1.8623879162E-06	1.2817535556E-05
295	3.334	1.7265998211E-06	1.1882999457E-05
296	3.345	1.6007121376E-06	1.1016601084E-05
297	3.356	1.4840030191E-06	1.0213372465E-05
298	3.367	1.3758032497E-06	9.4687078437E-06
299	3.378	1.2754924064E-06	8.7783372771E-06
300	3.389	1.1824953016E-06	8.1383021445E-06
301	3.400	1.0962786852E-06	7.5449324518E-06
302	3.411	1.0163481868E-06	6.9948257870E-06
303	3.422	9.4224548083E-07	6.4848278103E-06
304	3.433	8.7354565851E-07	6.0120141673E-06
305	3.444	8.0985479158E-07	5.5736737204E-06
306	3.455	7.5080767337E-07	5.1672930032E-06
307	3.466	6.9606572468E-07	4.7905418078E-06
308	3.477	6.4531505239E-07	4.4412598237E-06
309	3.488	5.9826464955E-07	4.1174442502E-06
310	3.499	5.5464472676E-07	3.8172383122E-06
311	3.510	5.1420516514E-07	3.5389206135E-06
312	3.521	4.7671408218E-07	3.2808952662E-06
313	3.532	4.4195650211E-07	3.0416827399E-06
314	3.543	4.0973312319E-07	2.8199113777E-06
315	3.554	3.7985917490E-07	2.6143095313E-06
316	3.565	3.5216335852E-07	2.4236982692E-06
317	3.576	3.2648686481E-07	2.2469846167E-06
318	3.587	3.0268246345E-07	2.0831552887E-06
319	3.598	2.8061365879E-07	1.9312708795E-06
320	3.609	2.6015390717E-07	1.7904604761E-06
321	3.620	2.4118589134E-07	1.6599166644E-06
322	3.631	2.2360084771E-07	1.5388908996E-06
323	3.642	2.0729794277E-07	1.4266892138E-06
324	3.653	1.9218369481E-07	1.3226682368E-06
325	3.664	1.7817143796E-07	1.2262315070E-06
326	3.675	1.6518082524E-07	1.1368260512E-06
327	3.686	1.5313736780E-07	1.0539392140E-06
328	3.697	1.4197200785E-07	9.7709571814E-07
329	3.708	1.3162072263E-07	9.0585493896E-07
330	3.719	1.2202415736E-07	8.3980837824E-07
331	3.730	1.1312728483E-07	7.7857732164E-07
332	3.741	1.0487908993E-07	7.2181066714E-07
333	3.752	9.7232277092E-08	6.6918291185E-07
334	3.763	9.0142999089E-08	6.2039228554E-07
335	3.774	8.3570605644E-08	5.7515902026E-07
336	3.785	7.7477410318E-08	5.3322374617E-07
337	3.796	7.1828474418E-08	4.9434600426E-07
338	3.807	6.6591406657E-08	4.5830286757E-07
339	3.818	6.1736177422E-08	4.2488766292E-07
340	3.829	5.7234946579E-08	3.9390878581E-07
341	3.840	5.3061903841E-08	3.6518860180E-07
342	3.851	4.9193120769E-08	3.3856242786E-07
343	3.862	4.5606413562E-08	3.1387758818E-07
344	3.873	4.2281215859E-08	2.9099253860E-07
345	3.884	3.9198460806E-08	2.6977605510E-07
346	3.895	3.6340471728E-08	2.5010648127E-07
347	3.906	3.3690860770E-08	2.3187103076E-07
348	3.917	3.1234434928E-08	2.1496514059E-07
349	3.928	2.8957108930E-08	1.9929187151E-07
350	3.939	2.6845824472E-08	1.8476135218E-07
351	3.950	2.4888475343E-08	1.7129026389E-07
352	3.961	2.3073838002E-08	1.5880136271E-07
353	3.972	2.1391507226E-08	1.4722303665E-07
354	3.983	1.9831836444E-08	1.3648889500E-07
355	3.994	1.8385882425E-08	1.2653738764E-07
356	4.005	1.7045353994E-08	1.1731145213E-07
357	4.016	1.5802564493E-08	1.0875818646E-07
358	4.027	1.4650387704E-08	1.0082854579E-07
359	4.038	1.3582216985E-08	9.3477061150E-08
360	4.049	1.2591927392E-08	8.6661578748E-08
361	4.060	1.1673840554E-08	8.0343018263E-08
362	4.071	1.0822692113E-08	7.4485148746E-08
363	4.082	1.0033601541E-08	6.9054380874E-08
364	4.093	9.3020441526E-09	6.4019574347E-08
365	4.104	8.6238251602E-09	5.9351859327E-08
366	4.115	7.9950556215E-09	5.5024470898E-08
367	4.126	7.4121301399E-09	5.1012595595E-08
368	4.137	6.8717061909E-09	4.7293229119E-08
369	4.148	6.3706849560E-09	4.3845044432E-08
370	4.159	5.9061935539E-09	4.0648269469E-08
371	4.170	5.4755685670E-09	3.7684573758E-08
372	4.181	5.0763407699E-09	3.4936963316E-08
373	4.192	4.7062209698E-09	3.2389683206E-08
374	4.203	4.3630868810E-09	3.0028127192E-08
375	4.214	4.0449709552E-09	2.7838753993E-08
376	4.225	3.7500490993E-09	2.5809009630E-08
377	4.236	3.4766302163E-09	2.3927255446E-08
378	4.247	3.2231465085E-09	2.2182701366E-08
379	4.258	2.9881444873E-09	2.0565344028E-08
380	4.269	2.7702766391E-09	1.9065909423E-08
381	4.280	2.5682936986E-09	1.7675799715E-08
382	4.291	2.3810374853E-09	1.6387043945E-08
383	4.302	2.2074342624E-09	1.5192252322E-08
384	4.313	2.0464885803E-09	1.4084573849E-08
385	4.324	1.8972775682E-09	1.3057657042E-08
386	4.335	1.7589456425E-09	1.2105613506E-08
387	4.346	1.6306996009E-09	1.1222984177E-08
388	4.357	1.5118040741E-09	1.0404708011E-08
389	4.368	1.4015773090E-09	9.6460929729E-09
390	4.379	1.2993872597E-09	8.9427891239E-09
391	4.390	1.2046479633E-09	8.2907636842E-09
392	4.401	1.1168161798E-09	7.6862779067E-09
393	4.412	1.0353882774E-09	7.1258656391E-09
394	4.423	9.5989734412E-10	6.6063134488E-09
395	4.434	8.8991051124E-10	6.1246421971E-09
396	4.445	8.2502647067E-10	5.6780899564E-09
397	4.456	7.6487317399E-10	5.2640961734E-09
398	4.467	7.0910569914E-10	4.8802869865E-09
399	4.478	6.5740427257E-10	4.5244616144E-09
400	4.489	6.0947243565E-10	4.1945797361E-09
401	4.500	5.6503534479E-10	3.8887497921E-09
402	4.511	5.2383819545E-10	3.6052181380E-09
403	4.522	4.8564476105E-10	3.3423589887E-09
404	4.533	4.5023603851E-10	3.0986650964E-09
405	4.544	4.1740899239E-10	2.8727391080E-09
406	4.555	3.8697539075E-10	2.6632855523E-09
407	4.566	3.5876072575E-10	2.4691034119E-09
408	4.577	3.3260321306E-10	2.2890792365E-09
409	4.588	3.0835286418E-10	2.1221807583E-09
410	4.599	2.8587062636E-10	1.9674509729E-09
411	4.610	2.6502758531E-10	1.8240026518E-09
412	4.621	2.4570422596E-10	1.6910132551E-09
413	4.632	2.2778974718E-10	1.5677202146E-09
414	4.643	2.1118142644E-10	1.4534165619E-09
415	4.654	1.9578403079E-10	1.3474468740E-09
416	4.665	1.8150927076E-10	1.2492035152E-09
417	4.676	1.6827529415E-10	1.1581231531E-09
418	4.687	1.5600621667E-10	1.0736835283E-09
419	4.698	1.4463168680E-10	9.9540045972E-10
420	4.709	1.3408648240E-10	9.2282506815E-10
421	4.720	1.2431013674E-10	8.5554120263E-10
422	4.731	1.1524659175E-10	7.9316305403E-10
423	4.742	1.0684387660E-10	7.3533294288E-10
424	4.753	9.9053809693E-11	6.8171926836E-10
425	4.764	9.1831722387E-11	6.3201460693E-10
426	4.775	8.5136202864E-11	5.8593394951E-10
427	4.786	7.8928858675E-11	5.4321306727E-10
428	4.797	7.3174096590E-11	5.0360699649E-10
429	4.808	6.7838918511E-11	4.6688863394E-10
430	4.819	6.2892732253E-11	4.3284743464E-10
431	4.830	5.8307176133E-11	4.0128820463E-10
432	4.841	5.4055956337E-11	3.7202998167E-10
433	4.852	5.0114696154E-11	3.4490499762E-10
434	4.863	4.6460796197E-11	3.1975771643E-10
435	4.874	4.3073304818E-11	2.9644394231E-10
436	4.885	3.9932797966E-11	2.7482999289E-10
437	4.896	3.7021267817E-11	2.5479193267E-10
438	4.907	3.4322019508E-11	2.3621486241E-10
439	4.918	3.1819575410E-11	2.1899226022E-10
440	4.929	2.9499586382E-11	2.0302537083E-10
441	4.940	2.7348749488E-11	1.8822263929E-10
442	4.951	2.5354731720E-11	1.7449918596E-10
443	4.962	2.3506099278E-11	1.6177631988E-10
444	4.973	2.1792252009E-11	1.4998108747E-10
445	4.984	2.0203362626E-11	1.3904585427E-10
446	4.995	1.8730320355E-11	1.2890791710E-10
447	5.006	1.7364678697E-11	1.1950914451E-10
448	5.017	1.6098606993E-11	1.1079564345E-10
449	5.028	1.4924845524E-11	1.0271745027E-10
450	5.039	1.3836663880E-11	9.5228244187E-11
451	5.050	1.2827822374E-11	8.8285081721E-11
452	5.061	1.1892536256E-11	8.1848150421E-11
453	5.072	1.1025442548E-11	7.5880540593E-11
454	5.083	1.0221569291E-11	7.0348033658E-11
455	5.094	9.4763070331E-12	6.5218905940E-11
456	5.105	8.7853824038E-12	6.0463746757E-11
457	5.116	8.1448336058E-12	5.6055289785E-11
458	5.127	7.5509876994E-12	5.1968256706E-11
459	5.138	7.0004395419E-12	4.8179212264E-11
460	5.149	6.4900322622E-12	4.4666429884E-11
461	5.160	6.0168391587E-12	4.1409767094E-11
462	5.171	5.5781469181E-12	3.8390550021E-11
463	5.182	5.1714400567E-12	3.5591466323E-11
464	5.193	4.7943864966E-12	3.2996465909E-11
465	5.204	4.4448241933E-12	3.0590668915E-11
466	5.215	4.1207487389E-12	2.8360280378E-11
467	5.226	3.8203018682E-12	2.6292511137E-11
468	5.237	3.5417608033E-12	2.4375504496E-11
469	5.248	3.2835283757E-12	2.2598268243E-11
470	5.259	3.0441238674E-12	2.0950611613E-11
471	5.270	2.8221745208E-12	1.9423086860E-11
472	5.281	2.6164076669E-12	1.8006935079E-11
473	5.292	2.4256434282E-12	1.6694035982E-11
474	5.303	2.2487879527E-12	1.5476861340E-11
475	5.314	2.0848271421E-12	1.4348431811E-11
476	5.325	1.9328208368E-12	1.3302276922E-11
477	5.336	1.7918974248E-12	1.2332397969E-11
478	5.347	1.6612488442E-12	1.1433233614E-11
479	5.358	1.5401259492E-12	1.0599628005E-11
480	5.369	1.4278342150E-12	9.8268012043E-12
481	5.380	1.3237297551E-12	9.1103217830E-12
482	5.391	1.2272156292E-12	8.4460814119E-12
483	5.402	1.1377384203E-12	7.8302713028E-12
484	5.413	1.0547850616E-12	7.2593603691E-12
485	5.424	9.7787989434E-13	6.7300749783E-12
486	5.435	9.0658194029E-13	6.2393801809E-12
487	5.446	8.4048237336E-13	5.7844623081E-12
488	5.457	7.7920217527E-13	5.3627128374E-12
489	5.468	7.2238996222E-13	4.9717134358E-12
490	5.479	6.6971997010E-13	4.6092220929E-12
491	5.490	6.2089018647E-13	4.2731602647E-12
492	5.501	5.7562061886E-13	3.9616009557E-12
493	5.512	5.3365168927E-13	3.6727576688E-12
494	5.523	4.9474274571E-13	3.4049741618E-12
495	5.534	4.5867068230E-13	3.1567149505E-12
496	5.545	4.2522866000E-13	2.9265565038E-12
497	5.556	3.9422492055E-13	2.7131790815E-12
498	5.567	3.6548168691E-13	2.5153591666E-12
499	5.578	3.3883414392E-13	2.3319624496E-12
500	5.589	3.1412949322E-13	2.1619373243E-12
501	5.600	2.9122607706E-13	2.0043088579E-12
502	5.611	2.6999256609E-13	1.8581732009E-12
503	5.622	2.5030720628E-13	1.7226924038E-12
504	5.633	2.3205712077E-13	1.5970896130E-12
505	5.644	2.1513766263E-13	1.4806446155E-12
506	5.655	1.9945181484E-13	1.3726897098E-12
507	5.666	1.8490963393E-13	1.2726058770E-12
508	5.677	1.7142773430E-13	1.1798192312E-12
509	5.688	1.5892881005E-13	1.0937977292E-12
510	5.699	1.4734119171E-13	1.0140481191E-12
511	5.710	1.3659843529E-13	9.4011311279E-13
512	5.721	1.2663894127E-13	8.7156876301E-13
513	5.732	1.1740560140E-13	8.0802203301E-13
514	5.743	1.0884547124E-13	7.4910854259E-13
515	5.754	1.0090946657E-13	6.9449047880E-13
516	5.765	9.3552081934E-14	6.4385465887E-13
517	5.776	8.6731129710E-14	5.9691073441E-13
518	5.787	8.0407498213E-14	5.5338952658E-13
519	5.798	7.4544927414E-14	5.1304148255E-13
520	5.809	6.9109801035E-14	4.7563524456E-13
521	5.820	6.4070953782E-14	4.4095632335E-13
522	5.831	5.9399492650E-14	4.0880586820E-13
523	5.842	5.5068631240E-14	3.7899952677E-13
524	5.853	5.1053536173E-14	3.5136638798E-13
525	5.864	4.7331184689E-14	3.2574800199E-13
526	5.875	4.3880232633E-14	3.0199747167E-13
527	5.886	4.0680892072E-14	2.7997861027E-13
528	5.897	3.7714817822E-14	2.5956516051E-13
529	5.908	3.4965002263E-14	2.4064007064E-13
530	5.919	3.2415677812E-14	2.2309482321E-13
531	5.930	3.0052226513E-14	2.0682881289E-13
532	5.941	2.7861096214E-14	1.9174876954E-13
533	5.952	2.5829722863E-14	1.7776822342E-13
534	5.963	2.3946458462E-14	1.6480700937E-13
535	5.974	2.2200504275E-14	1.5279080713E-13
536	5.985	2.0581848914E-14	1.4165071517E-13
537	5.996	1.9081210925E-14	1.3132285564E-13
538	6.007	1.7689985573E-14	1.2174800808E-13
539	6.018	1.6400195502E-14	1.1287126980E-13
540	6.029	1.5204444989E-14	1.0464174115E-13
541	6.040	1.4095877540E-14	9.7012233584E-14
542	6.051	1.3068136572E-14	8.9938999118E-14
543	6.062	1.2115328966E-14	8.3381479464E-14
544	6.073	1.1231991275E-14	7.7302073469E-14
545	6.084	1.0413058395E-14	7.1665921510E-14
546	6.095	9.6538345241E-15	6.6440705603E-14
547	6.106	8.9499662328E-15	6.1596464094E-14
548	6.117	8.2974175048E-15	5.7105419854E-14
549	6.128	7.6924465922E-15	5.2941821006E-14
550	6.139	7.1315845612E-15	4.9081793263E-14
551	6.150	6.6116154000E-15	4.5503203028E-14
552	6.161	6.1295575791E-15	4.2185530482E-14
553	6.172	5.6826469542E-15	3.9109751922E-14
554	6.183	5.2683209171E-15	3.6258230675E-14
555	6.194	4.8842037010E-15	3.3614615974E-14
556	6.205	4.5280927582E-15	3.1163749196E-14
557	6.216	4.1979461305E-15	2.8891576948E-14
558	6.227	3.8918707402E-15	2.6785070476E-14
559	6.238	3.6081115354E-15	2.4832150966E-14
560	6.249	3.3450414263E-15	2.3021620278E-14
561	6.260	3.1011519556E-15	2.1343096735E-14
562	6.271	2.8750446484E-15	1.9786955598E-14
563	6.282	2.6654229940E-15	1.8344273875E-14
564	6.293	2.4710850111E-15	1.7006779154E-14
565	6.304	2.2909163559E-15	1.5766802174E-14
566	6.315	2.1238839319E-15	1.4617232842E-14
567	6.326	1.9690299669E-15	1.3551479469E-14
568	6.337	1.8254665201E-15	1.2563430971E-14
569	6.348	1.6923703916E-15	1.1647421828E-14
570	6.359	1.5689784014E-15	1.0798199596E-14
571	6.370	1.4545830133E-15	1.0010894792E-14
572	6.381	1.3485282785E-15	9.2809929699E-15
573	6.392	1.2502060737E-15	8.6043088350E-15
574	6.403	1.1590526144E-15	7.9769622462E-15
575	6.414	1.0745452219E-15	7.3953559662E-15
576	6.425	9.9619932654E-16	6.8561550347E-15
577	6.436	9.2356568899E-16	6.3562676462E-15
578	6.447	8.5622782425E-16	5.8928274209E-15
579	6.458	7.9379961356E-16	5.4631769688E-15
580	6.469	7.3592309038E-16	5.0648526523E-15
581	6.480	6.8226638777E-16	4.6955704595E-15
582	6.491	6.3252183545E-16	4.3532129074E-15
583	6.502	5.8640419562E-16	4.0358169003E-15
584	6.513	5.4364902739E-16	3.7415624734E-15
585	6.524	5.0401117043E-16	3.4687623567E-15
586	6.535	4.6726333925E-16	3.2158523004E-15
587	6.546	4.3319481991E-16	2.9813821054E-15
588	6.557	4.0161026178E-16	2.7640073075E-15
589	6.568	3.7232855739E-16	2.5624814686E-15
590	6.579	3.4518180396E-16	2.3756490293E-15
591	6.590	3.2001434061E-16	2.2024386828E-15
592	6.601	2.9668185583E-16	2.0418572322E-15
593	6.612	2.7505055996E-16	1.8929838951E-15
594	6.623	2.5499641803E-16	1.7549650243E-15
595	6.634	2.3640443859E-16	1.6270092126E-15
596	6.645	2.1916801426E-16	1.5083827547E-15
597	6.656	2.0318831051E-16	1.3984054406E-15
598	6.667	1.8837369891E-16	1.2964466546E-15
599	6.678	1.7463923172E-16	1.2019217599E-15
600	6.689	1.6190615479E-16	1.1142887460E-15
601	6.700	1.5010145602E-16	1.0330451206E-15
602	6.711	1.3915744666E-16	9.5772502866E-16
603	6.722	1.2901137321E-16	8.8789658093E-16
604	6.733	1.1960505755E-16	8.2315937752E-16
605	6.744	1.1088456340E-16	7.6314221200E-16
606	6.755	1.0279988700E-16	7.0750094288E-16
607	6.766	9.5304670398E-17	6.5591652029E-16
608	6.777	8.8355935640E-17	6.0809315650E-16
609	6.788	8.1913838327E-17	5.6375662992E-16
610	6.799	7.5941439145E-17	5.2265271263E-16
611	6.810	7.0404492051E-17	4.8454571267E-16
612	6.821	6.5271247909E-17	4.4921712257E-16
613	6.832	6.0512272434E-17	4.1646436638E-16
614	6.843	5.6100277419E-17	3.8609963812E-16
615	6.854	5.2009964258E-17	3.5794882490E-16
616	6.865	4.8217878887E-17	3.3185050851E-16
617	6.876	4.4702277295E-17	3.0765503988E-16
618	6.887	4.1443000843E-17	2.8522368095E-16
619	6.898	3.8421360673E-17	2.6442780917E-16
620	6.909	3.5620030547E-17	2.4514817995E-16
621	6.920	3.3022947494E-17	2.2727424290E-16
622	6.931	3.0615219708E-17	2.1070350797E-16
623	6.942	2.8383041154E-17	1.9534095770E-16
624	6.953	2.6313612408E-17	1.8109850246E-16
625	6.964	2.4395067258E-17	1.6789447528E-16
626	6.975	2.2616404669E-17	1.5565316359E-16
627	6.986	2.0967425699E-17	1.4430437508E-16
628	6.997	1.9438675018E-17	1.3378303523E-16
629	7.008	1.8021386693E-17	1.2402881413E-16
630	7.019	1.6707433918E-17	1.1498578058E-16
631	7.030	1.5489282422E-17	1.0660208137E-16
632	7.041	1.4359947263E-17	9.8829643929E-17
633	7.052	1.3312952774E-17	9.1623900716E-17
634	7.063	1.2342295436E-17	8.4943533626E-17
635	7.074	1.1442409450E-17	7.8750237095E-17
636	7.085	1.0608134824E-17	7.3008498444E-17
637	7.096	9.8346877844E-18	6.7685394249E-17
638	7.107	9.1176333467E-18	6.2750401560E-17
639	7.118	8.4528598840E-18	5.8175222877E-17
640	7.129	7.8365555514E-18	5.3933623892E-17
641	7.140	7.2651864284E-18	5.0001283059E-17
642	7.151	6.7354762553E-18	4.6355652135E-17
643	7.162	6.2443876468E-18	4.2975826888E-17
644	7.173	5.7891046759E-18	3.9842427225E-17
645	7.184	5.3670167266E-18	3.6937486075E-17
646	7.195	4.9757035253E-18	3.4244346354E-17
647	7.206	4.6129212620E-18	3.1747565464E-17
648	7.217	4.2765897247E-18	2.9432826735E-17
649	7.228	3.9647803711E-18	2.7286857337E-17
650	7.239	3.6757052706E-18	2.5297352172E-17
651	7.250	3.4077068518E-18	2.3452903316E-17
652	7.261	3.1592483980E-18	2.1742934604E-17
653	7.272	2.9289052358E-18	2.0157640990E-17
654	7.283	2.7153565657E-18	1.8687932317E-17
655	7.294	2.5173778888E-18	1.7325381203E-17
656	7.305	2.3338339852E-18	1.6062174709E-17
657	7.316	2.1636724048E-18	1.4891069545E-17
658	7.327	2.0059174325E-18	1.3805350533E-17
659	7.338	1.8596644931E-18	1.2798792106E-17
660	7.349	1.7240749648E-18	1.1865622607E-17
661	7.360	1.5983713704E-18	1.1000491193E-17
662	7.371	1.4818329190E-18	1.0198437158E-17
663	7.382	1.3737913732E-18	9.4548614812E-18
664	7.393	1.2736272173E-18	8.7655004632E-18
665	7.404	1.1807661049E-18	8.1264012723E-18
666	7.415	1.0946755655E-18	7.5338992811E-18
667	7.426	1.0148619518E-18	6.9845970530E-18
668	7.437	9.4086760830E-19	6.4753448610E-18
669	7.448	8.7226824769E-19	6.0032226269E-18
670	7.459	8.0867051774E-19	5.5655231778E-18
671	7.470	7.4970974581E-19	5.1597367227E-18
672	7.481	6.9504784785E-19	4.7835364614E-18
673	7.492	6.4437138972E-19	4.4347652424E-18
674	7.503	5.9738979003E-19	4.1114231936E-18
675	7.514	5.5383365390E-19	3.8116562553E-18
676	7.525	5.1345322821E-19	3.5337455486E-18
677	7.536	4.7601696954E-19	3.2760975192E-18
678	7.547	4.4131021647E-19	3.0372348002E-18
679	7.558	4.0913395871E-19	2.8157877406E-18
680	7.569	3.7930369596E-19	2.6104865517E-18
681	7.580	3.5164837996E-19	2.4201540259E-18
682	7.591	3.2600943372E-19	2.2436987868E-18
683	7.602	3.0223984222E-19	2.0801090311E-18
684	7.613	2.8020330940E-19	1.9284467268E-18
685	7.624	2.5977347667E-19	1.7878422345E-18
686	7.635	2.4083319830E-19	1.6574893207E-18
687	7.646	2.2327386979E-19	1.5366405354E-18
688	7.657	2.0699480505E-19	1.4246029253E-18
689	7.668	1.9190265909E-19	1.3207340612E-18
690	7.679	1.7791089277E-19	1.2244383535E-18
691	7.690	1.6493927659E-19	1.1351636379E-18
692	7.701	1.5291343064E-19	1.0523980086E-18
693	7.712	1.4176439812E-19	9.7566688310E-19
694	7.723	1.3142824988E-19	9.0453028136E-19
695	7.734	1.2184571794E-19	8.3858030241E-19
696	7.745	1.1296185557E-19	7.7743878573E-19
697	7.756	1.0472572224E-19	7.2075514274E-19
698	7.767	9.7090091550E-20	6.6820434652E-19
699	7.778	9.0011180401E-20	6.1948506814E-19
700	7.789	8.3448397955E-20	5.7431794876E-19
701	7.800	7.7364112884E-20	5.3244399782E-19
702	7.811	7.1723437584E-20	4.9362310794E-19
703	7.822	6.6494028137E-20	4.5763267817E-19
704	7.833	6.1645898842E-20	4.2426633752E-19
705	7.844	5.7151250278E-20	3.9333276172E-19
706	7.855	5.2984309900E-20	3.6465457605E-19
707	7.866	4.9121184260E-20	3.3806733834E-19
708	7.877	4.5539721998E-20	3.1341859600E-19
709	7.888	4.2219386827E-20	2.9056701188E-19
710	7.899	3.9141139775E-20	2.6938155385E-19
711	7.910	3.6287330016E-20	2.4974074340E-19
712	7.921	3.3641593660E-20	2.3153195912E-19
713	7.932	3.1188759920E-20	2.1465079091E-19
714	7.943	2.8914764120E-20	1.9900044130E-19
715	7.954	2.6806567055E-20	1.8449117037E-19
716	7.965	2.4852080213E-20	1.7103978123E-19
717	7.976	2.3040096468E-20	1.5856914293E-19
718	7.987	2.1360225813E-20	1.4700774819E-19
719	7.998	1.9802835782E-20	1.3628930339E-19
720	8.009	1.8358996223E-20	1.2635234840E-19
721	8.020	1.7020428085E-20	1.1713990423E-19
722	8.031	1.5779455951E-20	1.0859914625E-19
723	8.042	1.4628964022E-20	1.0068110132E-19
724	8.053	1.3562355320E-20	9.3340366967E-20
725	8.064	1.2573513856E-20	8.6534851041E-20
726	8.075	1.1656769562E-20	8.0225530367E-20
727	8.086	1.0806865780E-20	7.4376226981E-20
728	8.097	1.0018929118E-20	6.8953400676E-20
729	8.108	9.2884415071E-21	6.3925956691E-20
730	8.119	8.6112142938E-21	5.9265067404E-20
731	8.130	7.9833642229E-21	5.4944007040E-20
732	8.141	7.4012911699E-21	5.0937998416E-20
733	8.152	6.8616574983E-21	4.7224070876E-20
734	8.163	6.3613689211E-21	4.3780928569E-20
735	8.174	5.8975567580E-21	4.0588828341E-20
736	8.185	5.4675614864E-21	3.7629466527E-20
737	8.196	5.0689174915E-21	3.4885873995E-20
738	8.207	4.6993389282E-21	3.2342318845E-20
739	8.218	4.3567066142E-21	2.9984216202E-20
740	8.229	4.0390558784E-21	2.7798044586E-20
741	8.240	3.7445652951E-21	2.5771268377E-20
742	8.251	3.4715462404E-21	2.3892265936E-20
743	8.262	3.2184332091E-21	2.2150262967E-20
744	8.273	2.9837748381E-21	2.0535270737E-20
745	8.284	2.7662255843E-21	1.9038028798E-20
746	8.295	2.5645380092E-21	1.7649951887E-20
747	8.306	2.3775556260E-21	1.6363080702E-20
748	8.317	2.2042062681E-21	1.5170036257E-20
749	8.328	2.0434959415E-21	1.4063977574E-20
750	8.339	1.8945031249E-21	1.3038562456E-20
751	8.350	1.7563734859E-21	1.2087911121E-20
752	8.361	1.6283149822E-21	1.1206572486E-20
753	8.372	1.5095933197E-21	1.0389492909E-20
754	8.383	1.3995277423E-21	9.6319872150E-21
755	8.394	1.2974871285E-21	8.9297118274E-21
756	8.405	1.2028863721E-21	8.2786398632E-21
757	8.416	1.1151830276E-21	7.6750380425E-21
758	8.427	1.0338741994E-21	7.1154452818E-21
759	8.438	9.5849365876E-22	6.5966528476E-21
760	8.449	8.8860916963E-22	6.1156859575E-21
761	8.460	8.2382001085E-22	5.6697867230E-21
762	8.471	7.6375467806E-22	5.2563983349E-21
763	8.482	7.0806875358E-22	4.8731504032E-21
764	8.493	6.5644293148E-22	4.5178453646E-21
765	8.504	6.0858118666E-22	4.1884458821E-21
766	8.515	5.6420907744E-22	3.8830631620E-21
767	8.526	5.2307217186E-22	3.5999461243E-21
768	8.537	4.8493458882E-22	3.3374713614E-21
769	8.548	4.4957764546E-22	3.0941338297E-21
770	8.559	4.1679860328E-22	2.8685382194E-21
771	8.570	3.8640950556E-22	2.6593909536E-21
772	8.581	3.5823609967E-22	2.4654927713E-21
773	8.592	3.3211683787E-22	2.2857318504E-21
774	8.603	3.0790195096E-22	2.1190774326E-21
775	8.614	2.8545258956E-22	1.9645739130E-21
776	8.625	2.6464002789E-22	1.8213353605E-21
777	8.636	2.4534492564E-22	1.6885404380E-21
778	8.647	2.2745664372E-22	1.5654276925E-21
779	8.658	2.1087260980E-22	1.4512911893E-21
780	8.669	1.9549773019E-22	1.3454764638E-21
781	8.680	1.8124384455E-22	1.2473767691E-21
782	8.691	1.6802922037E-22	1.1564295965E-21
783	8.702	1.5577808431E-22	1.0721134502E-21
784	8.713	1.4442018774E-22	9.9394485714E-22
785	8.724	1.3389040390E-22	9.2147559464E-22
786	8.735	1.2412835447E-22	8.5429012024E-22
787	8.746	1.1507806336E-22	7.9200318900E-22
788	8.757	1.0668763574E-22	7.3425764447E-22
789	8.768	9.8908960472E-23	6.8072237076E-22
790	8.779	9.1697434230E-23	6.3109039388E-22
791	8.790	8.5011705758E-23	5.8507712153E-22
792	8.801	7.8813438746E-23	5.4241871126E-22
793	8.812	7.3067092014E-23	5.0287055757E-22
794	8.823	6.7739715719E-23	4.6620588932E-22
795	8.834	6.2800762411E-23	4.3221446945E-22
796	8.845	5.8221911880E-23	4.0070138940E-22
797	8.856	5.3976908765E-23	3.7148595158E-22
798	8.867	5.0041412000E-23	3.4440063317E-22
799	8.878	4.6392855245E-23	3.1929012557E-22
800	8.889	4.3010317491E-23	2.9601044385E-22
801	8.900	3.9874403093E-23	2.7442810112E-22
802	8.911	3.6967130558E-23	2.5441934314E-22
803	8.922	3.4271829436E-23	2.3586943865E-22
804	8.933	3.1773044734E-23	2.1867202157E-22
805	8.944	2.9456448292E-23	2.0272848102E-22
806	8.955	2.7308756629E-23	1.8794739593E-22
807	8.966	2.5317654770E-23	1.7424401081E-22
808	8.977	2.3471725636E-23	1.6153974973E-22
809	8.988	2.1760384575E-23	1.4976176583E-22
810	8.999	2.0173818670E-23	1.3884252354E-22
811	9.010	1.8702930471E-23	1.2871941136E-22
812	9.021	1.7339285830E-23	1.1933438286E-22
813	9.032	1.6075065539E-23	1.1063362381E-22
814	9.043	1.4903020495E-23	1.0256724360E-22
815	9.054	1.3816430131E-23	9.5088989200E-23
816	9.065	1.2809063882E-23	8.8155979919E-23
817	9.076	1.1875145460E-23	8.1728461528E-23
818	9.087	1.1009319728E-23	7.5769578307E-23
819	9.098	1.0206621997E-23	7.0245161715E-23
820	9.109	9.4624495580E-24	6.5123534467E-23
821	9.120	8.7725352877E-24	6.0375328890E-23
822	9.131	8.1329231825E-24	5.5973318530E-23
823	9.142	7.5399456739E-24	5.1892262037E-23
824	9.153	6.9902025988E-24	4.8108758423E-23
825	9.164	6.4805417022E-24	4.4601112885E-23
826	9.175	6.0080405626E-24	4.1349212406E-23
827	9.186	5.5699898342E-24	3.8334410421E-23
828	9.197	5.1638777119E-24	3.5539419903E-23
829	9.208	4.7873755280E-24	3.2948214232E-23
830	9.219	4.4383243997E-24	3.0545935304E-23
831	9.230	4.1147228501E-24	2.8318808328E-23
832	9.241	3.8147153314E-24	2.6254062845E-23
833	9.252	3.5365815851E-24	2.4339859498E-23
834	9.263	3.2787267782E-24	2.2565222149E-23
835	9.274	3.0396723580E-24	2.0919974934E-23
836	9.285	2.8180475742E-24	1.9394683924E-23
837	9.296	2.6125816191E-24	1.7980603022E-23
838	9.307	2.4220963404E-24	1.6669623815E-23
839	9.318	2.2454994857E-24	1.5454229083E-23
840	9.329	2.0817784397E-24	1.4327449688E-23
841	9.340	1.9299944176E-24	1.3282824622E-23
842	9.351	1.7892770819E-24	1.2314363950E-23
843	9.362	1.6588195524E-24	1.1416514470E-23
844	9.373	1.5378737789E-24	1.0584127866E-23
845	9.384	1.4257462521E-24	9.8124311916E-24
846	9.395	1.3217940272E-24	9.0969994987E-24
847	9.406	1.2254210366E-24	8.4337304653E-24
848	9.417	1.1360746728E-24	7.8188208730E-24
849	9.428	1.0532426192E-24	7.2487447986E-24
850	9.439	9.7644991258E-25	6.7202333970E-24
851	9.450	9.0525621957E-25	6.2302561567E-24
852	9.461	8.3925331193E-25	5.7760035233E-24
853	9.472	7.7806272562E-25	5.3548707889E-24
854	9.483	7.2133359070E-25	4.9644431569E-24
855	9.494	6.6874061942E-25	4.6024818955E-24
856	9.505	6.1998224098E-25	4.2669115002E-24
857	9.516	5.7477887236E-25	3.9558077932E-24
858	9.527	5.3287131513E-25	3.6673868901E-24
859	9.538	4.9401926923E-25	3.3999949706E-24
860	9.549	4.5799995503E-25	3.1520987958E-24
861	9.560	4.2460683596E-25	2.9222769165E-24
862	9.571	3.9364843416E-25	2.7092115221E-24
863	9.582	3.6494723258E-25	2.5116808849E-24
864	9.593	3.3833865706E-25	2.3285523541E-24
865	9.604	3.1367013267E-25	2.1587758614E-24
866	9.615	2.9080020883E-25	2.0013778997E-24
867	9.626	2.6959774823E-25	1.8554559410E-24
868	9.637	2.4994117489E-25	1.7201732614E-24
869	9.648	2.3171777700E-25	1.5947541431E-24
870	9.659	2.1482306067E-25	1.4784794265E-24
871	9.670	1.9916015074E-25	1.3706823864E-24
872	9.681	1.8463923528E-25	1.2707449090E-24
873	9.692	1.7117705062E-25	1.1780939478E-24
874	9.703	1.5869640390E-25	1.0921982375E-24
875	9.714	1.4712573047E-25	1.0125652476E-24
876	9.725	1.3639868349E-25	9.3873835848E-25
877	9.736	1.2645375352E-25	8.7029424306E-25
878	9.747	1.1723391583E-25	8.0684043926E-25
879	9.758	1.0868630339E-25	7.4801309973E-25
880	9.769	1.0076190377E-25	6.9347490550E-25
881	9.780	9.3415278046E-26	6.4291313177E-25
882	9.791	8.6604300297E-26	5.9603785476E-25
883	9.802	8.0289916026E-26	5.5258028924E-25
884	9.813	7.4435918233E-26	5.1229124730E-25
885	9.824	6.9008739795E-26	4.7493970953E-25
886	9.835	6.3977260993E-26	4.4031150029E-25
887	9.846	5.9312631071E-26	4.0820805968E-25
888	9.857	5.4988102804E-26	3.7844530492E-25
889	9.868	5.0978879126E-26	3.5085257485E-25
890	9.879	4.7261970942E-26	3.2527165136E-25
891	9.890	4.3816065313E-26	3.0155585212E-25
892	9.901	4.0621403239E-26	2.7956918953E-25
893	9.912	3.7659666365E-26	2.5918559095E-25
894	9.923	3.4913871940E-26	2.4028817577E-25
895	9.934	3.2368275439E-26	2.2276858526E-25
896	9.945	3.0008280282E-26	2.0652636120E-25
897	9.956	2.7820354135E-26	1.9146836982E-25
898	9.967	2.5791951320E-26	1.7750826786E-25
899	9.978	2.3911440870E-26	1.6456600736E-25
900	9.989	2.2168039843E-26	1.5256737676E-25
901	10.000	2.0551751487E-26	1.4144357527E-25
902	10.011	1.9053307924E-26	1.3113081847E-25
903	10.022	1.7664117001E-26	1.2156997248E-25
904	10.033	1.6376213027E-26	1.1270621491E-25
905	10.044	1.5182211094E-26	1.0448872054E-25
906	10.055	1.4075264735E-26	9.6870369818E-26
907	10.066	1.3049026662E-26	8.9807478745E-26
908	10.077	1.2097612374E-26	8.3259548340E-26
909	10.088	1.1215566413E-26	7.7189032434E-26
910	10.099	1.0397831082E-26	7.1561122382E-26
911	10.110	9.6397174456E-27	6.6343547457E-26
912	10.121	8.9368784410E-27	6.1506389821E-26
913	10.132	8.2852839536E-27	5.7021912964E-26
914	10.143	7.6811977074E-27	5.2864402666E-26
915	10.154	7.1211558409E-27	4.9010019552E-26
916	10.165	6.6019470456E-27	4.5436662392E-26
917	10.176	6.1205941516E-27	4.2123841374E-26
918	10.187	5.6743370569E-27	3.9052560612E-26
919	10.198	5.2606169006E-27	3.6205209226E-26
920	10.209	4.8770613901E-27	3.3565460359E-26
921	10.220	4.5214711986E-27	3.1118177554E-26
922	10.231	4.1918073537E-27	2.8849327968E-26
923	10.242	3.8861795462E-27	2.6745901901E-26
924	10.253	3.6028352906E-27	2.4795838201E-26
925	10.264	3.3401498765E-27	2.2987955103E-26
926	10.275	3.0966170523E-27	2.1311886113E-26
927	10.286	2.8708403883E-27	1.9758020567E-26
928	10.297	2.6615252697E-27	1.8317448518E-26
929	10.308	2.4674714728E-27	1.6981909655E-26
930	10.319	2.2875662833E-27	1.5743745928E-26
931	10.330	2.1207781157E-27	1.4595857644E-26
932	10.341	1.9661505980E-27	1.3531662753E-26
933	10.352	1.8227970882E-27	1.2545059107E-26
934	10.363	1.6898955900E-27	1.1630389470E-26
935	10.374	1.5666840393E-27	1.0782409080E-26
936	10.385	1.4524559349E-27	9.9962555743E-27
937	10.396	1.3465562870E-27	9.2674211083E-27
938	10.407	1.2483778616E-27	8.5917265079E-27
939	10.418	1.1573576986E-27	7.9652973060E-27
940	10.429	1.0729738836E-27	7.3845415255E-27
941	10.440	9.9474255575E-28	6.8461290830E-27
942	10.451	9.2221513245E-28	6.3469726941E-27
943	10.462	8.5497573780E-28	5.8842101707E-27
944	10.473	7.9263881767E-28	5.4551880087E-27
945	10.484	7.3484692898E-28	5.0574461733E-27
946	10.495	6.8126869010E-28	4.6887039924E-27
947	10.506	6.3159688066E-28	4.3468470796E-27
948	10.517	5.8554667998E-28	4.0299152098E-27
949	10.528	5.4285403385E-28	3.7360910795E-27
950	10.539	5.0327414047E-28	3.4636898862E-27
951	10.550	4.6658004669E-28	3.2111496675E-27
952	10.561	4.3256134672E-28	2.9770223450E-27
953	10.572	4.0102297560E-28	2.7599654205E-27
954	10.583	3.7178409069E-28	2.5587342786E-27
955	10.594	3.4467703473E-28	2.3721750498E-27
956	10.605	3.1954637448E-28	2.1992179937E-27
957	10.616	2.9624800946E-28	2.0388713659E-27
958	10.627	2.7464834565E-28	1.8902157306E-27
959	10.638	2.5462352947E-28	1.7523986887E-27
960	10.649	2.3605873761E-28	1.6246299904E-27
961	10.660	2.1884751860E-28	1.5061770034E-27
962	10.671	2.0289118243E-28	1.3963605123E-27
963	10.682	1.8809823466E-28	1.2945508235E-27
964	10.693	1.7438385177E-28	1.2001641553E-27
965	10.704	1.6166939479E-28	1.1126592897E-27
966	10.715	1.4988195837E-28	1.0315344691E-27
967	10.726	1.3895395275E-28	9.5632451994E-28
968	10.737	1.2882271619E-28	8.8659818435E-28
969	10.748	1.1943015565E-28	8.2195564800E-28
970	10.759	1.1072241373E-28	7.6202624730E-28
971	10.770	1.0264955978E-28	7.0646634400E-28
972	10.781	9.5165303650E-29	6.5495735479E-28
973	10.792	8.8226730226E-29	6.0720392447E-28
974	10.803	8.1794053377E-29	5.6293223246E-28
975	10.814	7.5830387805E-29	5.2188842261E-28
976	10.825	7.0301537547E-29	4.8383714761E-28
977	10.836	6.5175799895E-29	4.4856021951E-28
978	10.847	6.0423783606E-29	4.1585535861E-28
979	10.858	5.6018240377E-29	3.8553503357E-28
980	10.869	5.1933908598E-29	3.5742538609E-28
981	10.880	4.8147368502E-29	3.3136523401E-28
982	10.891	4.4636907875E-29	3.0720514711E-28
983	10.902	4.1382397556E-29	2.8480659020E-28
984	10.913	3.8365176017E-29	2.6404112882E-28
985	10.924	3.5567942356E-29	2.4478969275E-28
986	10.935	3.2974657093E-29	2.2694189327E-28
987	10.946	3.0570450196E-29	2.1039539020E-28
988	10.957	2.8341535821E-29	1.9505530503E-28
989	10.968	2.6275133259E-29	1.8083367694E-28
990	10.979	2.4359393653E-29	1.6764895838E-28
991	10.990	2.2583332053E-29	1.5542554751E-28
992	11.001	2.09367644322644E-29	1.44093354661145E-28
993	11.012	1.94102492874731E-29	1.33587400464371E-28
994	11.023	1.79950335029448E-29	1.23847443241189E-28
995	11.034	1.66830021591264E-29	1.14817633579672E-28
996	11.045	1.54666320013172E-29	1.06446194090276E-28
997	11.056	1.43389483009393E-29	9.86851225116260E-29
998	11.067	1.32934848620885E-29	9.14899164631004E-29
999	11.078	1.23242469440388E-29	8.48193182659242E-29
1000	11.089	1.14256768870900E-29	7.86350783695113E-29
1001	11.100	1.05926222446662E-29	7.29017360266081E-29
1002	11.111	9.82030623892197E-30	6.75864159595456E-29
1003	11.122	9.10430037045554E-30	6.26586398517243E-29
1004	11.133	8.44049902506679E-30	5.80901515833915E-29
1005	11.144	7.82509593195536E-30	5.38547552096033E-29
1006	11.155	7.25456233837082E-30	4.99281647513477E-29
1007	11.166	6.72562677556303E-30	4.62878649384930E-29
1008	11.177	6.23525630001392E-30	4.29129821060834E-29
1009	11.188	5.78063910238442E-30	3.97841645036781E-29
1010	11.199	5.35916838445617E-30	3.68834713314258E-29
1011	11.210	4.96842741161747E-30	3.41942698666033E-29
1012	11.221	4.60617565518364E-30	3.17011400907339E-29
1013	11.232	4.27033594509119E-30	2.93897862704142E-29
1014	11.243	3.95898255929860E-30	2.72469549848493E-29
1015	11.254	3.67033018159788E-30	2.52603591300611E-29
1016	11.265	3.40272366452026E-30	2.34186074640073E-29
1017	11.276	3.15462853863613E-30	2.17111392886175E-29
1018	11.287	2.92462221382894E-30	2.01281638942116E-29
1019	11.298	2.71138582209109E-30	1.86606044190715E-29
1020	11.309	2.51369665506701E-30	1.73000458022506E-29
1021	11.320	2.33042115298145E-30	1.60386865311868E-29
1022	11.331	2.16050840474966E-30	1.48692939074306E-29
1023	11.342	2.00298412199960E-30	1.37851625739821E-29
1024	11.353	1.85694505245283E-30	1.27800760664338E-29
1025	11.364	1.72155380062950E-30	1.18482711674432E-29
1026	11.375	1.59603402618033E-30	1.09844048601537E-29
1027	11.386	1.47966599231109E-30	1.01835236910605E-29
1028	11.397	1.37178243877525E-30	9.44103536665689E-30
1029	11.408	1.27176475576968E-30	8.75268242098885E-30
1030	11.419	1.17903943679429E-30	8.11451780312659E-30
1031	11.430	1.09307479013674E-30	7.52288224457493E-30
1032	11.441	1.01337789012472E-30	6.97438327683910E-30
1033	11.452	9.39491750665278E-31	6.46587577883880E-30
1034	11.463	8.70992704863031E-31	5.99444394262237E-30
1035	11.474	8.07487975692594E-31	5.55738455397518E-30
1036	11.485	7.48613423795184E-31	5.15219149205220E-30
1037	11.496	6.94031459484769E-31	4.77654135915188E-30
1038	11.507	6.43429106991741E-31	4.42828015823634E-30
1039	11.518	5.96516209843762E-31	4.10541094180153E-30
1040	11.529	5.53023767093793E-31	3.80608236127868E-30
1041	11.540	5.12702390854923E-31	3.52857805130711E-30
1042	11.551	4.75320876297465E-31	3.27130678800733E-30
1043	11.562	4.40664875908728E-31	3.03279336482263E-30
1044	11.573	4.08535670413370E-31	2.81167013360888E-30
1045	11.584	3.78749029306956E-31	2.60666916247045E-30
1046	11.595	3.51134154468846E-31	2.41661496537403E-30
1047	11.606	3.25532700797042E-31	2.24041776185163E-30
1048	11.617	3.01797868249505E-31	2.07706722814525E-30
1049	11.628	2.79793560084360E-31	1.92562670395292E-30
1050	11.639	2.59393602475552E-31	1.78522782157985E-30
1051	11.650	2.40481021024780E-31	1.65506552666744E-30
1052	11.661	2.22947370024560E-31	1.53439346197219E-30
1053	11.672	2.06692110625008E-31	1.42251968771513E-30
1054	11.683	1.91622034338926E-31	1.31880271396370E-30
1055	11.694	1.77650728579605E-31	1.22264782229597E-30
1056	11.705	1.64698081166616E-31	1.13350365565462E-30
1057	11.716	1.52689820958490E-31	1.05085905683751E-30
1058	11.727	1.41557091978200E-31	9.74240137496217E-31
1059	11.738	1.31236058589474E-31	9.03207560836020E-31
1060	11.749	1.21667539459995E-31	8.37354022436303E-31
1061	11.760	1.12796668212624E-31	7.76301914746209E-31
1062	11.771	1.04572578818792E-31	7.19701161863677E-31
1063	11.782	9.69481139300943E-32	6.67227212182342E-31
1064	11.793	8.98795544756470E-32	6.18579177396057E-31
1065	11.804	8.33263689747053E-32	5.73478107189988E-31
1066	11.815	7.72509811270818E-32	5.31665389725271E-31
1067	11.826	7.16185543487239E-32	4.92901268745519E-31
1068	11.837	6.63967920169621E-32	4.56963468802217E-31
1069	11.848	6.15557522800273E-32	4.23645920715949E-31
1070	11.859	5.70676763689442E-32	3.92757579965204E-31
1071	11.870	5.29068294273327E-32	3.64121331227341E-31
1072	11.881	4.90493529464274E-32	3.37572972790278E-31
1073	11.892	4.54731279591736E-32	3.12960275011519E-31
1074	11.903	4.21576482089345E-32	2.90142107425564E-31
1075	11.914	3.90839025655752E-32	2.68987629494668E-31
1076	11.925	3.62342660146693E-32	2.49375540362486E-31
1077	11.936	3.35923985947659E-32	2.31193383308781E-31
1078	11.947	3.11431517032197E-32	2.14336900916860E-31
1079	11.958	2.88724812333244E-32	1.98709437256190E-31
1080	11.969	2.67673670446947E-32	1.84221383652407E-31
1081	11.980	2.48157383051107E-32	1.70789664866557E-31
1082	11.991	2.30064042757536E-32	1.58337262737464E-31
1083	12.002	2.13289901429377E-32	1.46792774555662E-31
1084	12.013	1.97738775283961E-32	1.36090003636587E-31
1085	12.024	1.83321493370134E-32	1.26167579745447E-31
1086	12.035	1.69955386257422E-32	1.16968607197124E-31
1087	12.046	1.57563812005339E-32	1.08440338613447E-31
1088	12.057	1.46075716694563E-32	1.00533872467008E-31
1089	12.068	1.35425227000135E-32	9.32038726773126E-32
1090	12.079	1.25551272470473E-32	8.64083086513920E-32
1091	12.090	1.16397235346253E-32	8.01082142782192E-32
1092	12.101	1.07910625911318E-32	7.42674644950569E-32
1093	12.112	1.00042781513945E-32	6.88525681444906E-32
1094	12.123	9.27485875327241E-33	6.38324759344281E-32
1095	12.134	8.59862186870156E-33	5.91784023998731E-32
1096	12.145	7.97168992086549E-33	5.48636608455987E-32
1097	12.156	7.39046804997189E-33	5.08635103232752E-32
1098	12.167	6.85162350014303E-33	4.71550137656093E-32
1099	12.178	6.35206650922342E-33	4.37169064640291E-32
1100	12.189	5.88893259192592E-33	4.05294741357600E-32
1101	12.200	5.45956611472683E-33	3.75744398811207E-32
1102	12.211	5.06150506832774E-33	3.48348593828475E-32
1103	12.222	4.69246695036849E-33	3.22950237465140E-32
1104	12.233	4.35033567744218E-33	2.99403694249290E-32
1105	12.244	4.03314945136483E-33	2.77573947100126E-32
1106	12.255	3.73908951012451E-33	2.57335823133139E-32
1107	12.266	3.46646969900706E-33	2.38573275912392E-32
1108	12.277	3.21372680209894E-33	2.21178720034338E-32
1109	12.288	2.97941157872728E-33	2.05052414227617E-32
1110	12.299	2.76218045344016E-33	1.90101889431532E-32
1111	12.310	2.56078781187590E-33	1.76241418573703E-32
1112	12.321	2.37407885834721E-33	1.63391525006690E-32
1113	12.332	2.20098299418348E-33	1.51478526784823E-32
1114	12.343	2.04050767886343E-33	1.40434114168164E-32
1115	12.354	1.89173273873721E-33	1.30194957930985E-32
1116	12.365	1.75380509070341E-33	1.20702346228727E-32
1117	12.376	1.62593385058742E-33	1.11901847941323E-32
1118	12.387	1.50738579817082E-33	1.03743000562341E-32
1119	12.398	1.39748117286945E-33	9.61790208444218E-33
1120	12.409	1.29558977595151E-33	8.91665365417420E-33
1121	12.420	1.20112735694569E-33	8.26653377113344E-33
1122	12.431	1.11355226351938E-33	7.66381461472390E-33
1123	12.442	1.03236233561632E-33	7.10504016253488E-33
1124	12.453	9.57092026045388E-34	6.58700637333371E-33
1125	12.464	8.87309731009136E-34	6.10674281492867E-33
1126	12.475	8.22615315265563E-34	5.66149563155928E-33
1127	12.486	7.62637817732345E-34	5.24871175314759E-33
1128	12.497	7.07033324376868E-34	4.86602425586282E-33
1129	12.508	6.55482996195785E-34	4.51123879006046E-33
1130	12.519	6.07691240975771E-34	4.18232099776855E-33
1131	12.530	5.63384018352736E-34	3.87738484757561E-33
1132	12.541	5.22307268450386E-34	3.59468182003018E-33
1133	12.552	4.84225455087887E-34	3.33259088154086E-33
1134	12.563	4.48920215203452E-34	3.08960918928735E-33
1135	12.574	4.16189106749326E-34	2.86434347384258E-33
1136	12.585	3.85844447878787E-34	2.65550205009488E-33
1137	12.596	3.57712240768846E-34	2.46188741065964E-33
1138	12.607	3.31631173907851E-34	2.28238935931074E-33
1139	12.618	3.07451697127044E-34	2.11597864505880E-33
1140	12.629	2.85035164072257E-34	1.96170106037341E-33
1141	12.640	2.64253037198642E-34	1.81867196970848E-33
1142	12.651	2.44986150729827E-34	1.68607123695683E-33
1143	12.662	2.27124027355270E-34	1.56313852274790E-33
1144	12.673	2.10564244747721E-34	1.44916892462300E-33
1145	12.684	1.95211848268371E-34	1.34350893508858E-33
1146	12.695	1.80978806492099E-34	1.24555269437095E-33
1147	12.706	1.67783506430806E-34	1.15473851638545E-33
1148	12.717	1.55550285560341E-34	1.07054566799960E-33
1149	12.728	1.44208997967760E-34	9.92491383122920E-34
1150	12.739	1.33694612131060E-34	9.20128094501446E-34
1151	12.750	1.23946838025117E-34	8.53040867344230E-34
1152	12.761	1.14909781415610E-34	7.90845020066142E-34
1153	12.772	1.06531623358615E-34	7.33183918503889E-34
1154	12.783	9.87643230681525E-35	6.79726930957691E-34
1155	12.794	9.15633424478502E-35	6.30167532332073E-34
1156	12.805	8.48873907072383E-35	5.84221546505425E-34
1157	12.816	7.86981875982478E-35	5.41625516849607E-34
1158	12.827	7.29602439143029E-35	5.02135195556111E-34
1159	12.838	6.76406579934154E-35	4.65524143106782E-34
1160	12.849	6.27089270583584E-35	4.31582429857938E-34
1161	12.860	5.81367723121998E-35	4.00115432293185E-34
1162	12.871	5.38979767862272E-35	3.70942717042169E-34
1163	12.882	4.99682350105115E-35	3.43897006266425E-34
1164	12.893	4.63250136451097E-35	3.18823218479764E-34
1165	12.904	4.29474222727318E-35	2.95577579303041E-34
1166	12.915	3.98160936120324E-35	2.74026797054593E-34
1167	12.926	3.69130724646233E-35	2.54047298448887E-34
1168	12.937	3.42217127590529E-35	2.35524520021011E-34
1169	12.948	3.17265821013821E-35	2.18352251213917E-34
1170	12.959	2.94133732850479E-35	2.02432025361651E-34
1171	12.970	2.72688222526340E-35	1.87672555076627E-34
1172	12.981	2.52806320389885E-35	1.73989208802398E-34
1173	12.992	2.34374022600069E-35	1.61303525533427E-34
1174	13.003	2.17285637419771E-35	1.49542764913813E-34
1175	13.014	2.01443179176523E-35	1.38639490142136E-34
1176	13.025	1.86755806406010E-35	1.28531181284246E-34
1177	13.036	1.73139300962617E-35	1.19159876780879E-34
1178	13.047	1.60515585109542E-35	1.10471841093972E-34
1179	13.058	1.48812273815212E-35	1.02417256583078E-34
1180	13.069	1.37962259695663E-35	9.49499378497335E-35
1181	13.080	1.27903328215761E-35	8.80270669069245E-35
1182	13.091	1.18577800948932E-35	8.16089476592785E-35
1183	13.102	1.09932204845952E-35	7.56587782835180E-35
1184	13.113	1.01916965617414E-35	7.01424402046898E-35
1185	13.124	9.44861234722746E-36	6.50283024585510E-35
1186	13.135	8.75970695824217E-36	6.02870403182531E-35
1187	13.146	8.12103017611811E-36	5.58914671446532E-35
1188	13.157	7.52891979558360E-36	5.18163784967901E-35
1189	13.168	6.97998062549081E-36	4.80384076083332E-35
1190	13.179	6.47106502061635E-36	4.45358914013514E-35
1191	13.190	5.99925483290292E-36	4.12887462691185E-35
1192	13.201	5.56184467864936E-36	3.82783529156873E-35
1193	13.212	5.15632642570241E-36	3.54874495918955E-35
1194	13.223	4.78037481169890E-36	3.29000331156153E-35
1195	13.234	4.43183411089269E-36	3.05012671086902E-35
1196	13.245	4.10870577311316E-36	2.82773969243851E-35
1197	13.256	3.80913696397652E-36	2.62156707775397E-35
1198	13.267	3.53140994063891E-36	2.43042666251818E-35
1199	13.278	3.27393220217119E-36	2.25322243783289E-35
1200	13.289	3.03522735807729E-36	2.08893830562786E-35
1201	13.300	2.81392666259599E-36	1.93663225230281E-35
1202	13.311	2.60876116624238E-36	1.79543094717301E-35
1203	13.322	2.41855443958719E-36	1.66452473474686E-35
1204	13.333	2.24221582755017E-36	1.54316299211987E-35
1205	13.344	2.07873419552820E-36	1.43064982486456E-35
1206	13.355	1.92717213149799E-36	1.32634007673640E-35
1207	13.366	1.78666057084739E-36	1.22963563031479E-35
1208	13.377	1.65639381311495E-36	1.13998197736748E-35
1209	13.388	1.53562490206193E-36	1.05686503927180E-35
1210	13.399	1.42366134258739E-36	9.79808219261795E-36
1211	13.410	1.31986112992589E-36	9.08369669597995E-36
1212	13.421	1.22362906835918E-36	8.42139757989801E-36
1213	13.432	1.13441335833390E-36	7.80738718743221E-36
1214	13.443	1.05170243241444E-36	7.23814475164788E-36
1215	13.454	9.75022021929415E-37	6.71040620736005E-36
1216	13.465	9.03932437490756E-37	6.22114547481594E-36
1217	13.476	8.38026047792291E-37	5.76755710799925E-36
1218	13.487	7.76924942231171E-37	5.34704020806037E-36
1219	13.498	7.20278763948993E-37	4.95718350962831E-36
1220	13.509	6.67762700867865E-37	4.59575155449322E-36
1221	13.520	6.19075623201246E-37	4.26067187337402E-36
1222	13.531	5.73938356760433E-37	3.95002310227414E-36
1223	13.542	5.32092082155501E-37	3.66202396528218E-36
1224	13.553	4.93296850711713E-37	3.39502306064496E-36
1225	13.564	4.57330208591562E-37	3.14748939154551E-36
1226	13.575	4.23985921233118E-37	2.91800358728918E-36
1227	13.586	3.93072790790520E-37	2.70524976455967E-36
1228	13.597	3.64413559795766E-37	2.50800798207685E-36
1229	13.608	3.37843894755345E-37	2.32514724539123E-36
1230	13.619	3.13211443853597E-37	2.15561902170404E-36
1231	13.630	2.90374963359620E-37	1.99845122752664E-36
1232	13.641	2.69203507728514E-37	1.85274265470416E-36
1233	13.652	2.49575678752936E-37	1.71765780284196E-36
1234	13.663	2.31378929459585E-37	1.59242208850368E-36
1235	13.674	2.14508918759111E-37	1.47631740371033E-36
1236	13.685	1.98868913148984E-37	1.36867799827243E-36
1237	13.696	1.84369232038645E-37	1.26888666234443E-36
1238	13.707	1.70926733516442E-37	1.17637118731206E-36
1239	13.718	1.58464337609631E-37	1.09060108471873E-36
1240	13.729	1.46910584303910E-37	1.01108454441782E-36
1241	13.740	1.36199223788030E-37	9.37365614508124E-37
1242	13.751	1.26268836574003E-37	8.69021586882336E-37
1243	13.762	1.17062481314626E-37	8.05660573397288E-37
1244	13.773	1.08527368298870E-37	7.46919258767173E-37
1245	13.784	1.00614556753013E-37	6.92460817295342E-37
1246	13.795	9.32786742117154E-38	6.41972981498385E-37
1247	13.806	8.64776563500056E-38	5.95166251548559E-37
1248	13.817	8.01725057842925E-38	5.51772235266982E-37
1249	13.828	7.43270684593640E-38	5.11542109149098E-37
1250	13.839	6.89078263392076E-38	4.74245191598125E-37
1251	13.850	6.38837052128624E-38	4.39667620184876E-37
1252	13.861	5.92258965133234E-38	4.07611125349782E-37
1253	13.872	5.49076921277367E-38	3.77891893515050E-37
1254	13.883	5.09043312517188E-38	3.50339513088223E-37
1255	13.894	4.71928584096475E-38	3.24795997313472E-37
1256	13.905	4.37519918267813E-38	3.01114878367387E-37
1257	13.916	4.05620013984879E-38	2.79160367505079E-37
1258	13.927	3.76045955568093E-38	2.58806576440532E-37
1259	13.938	3.48628163856806E-38	2.39936795496769E-37
1260	13.949	3.23209423833735E-38	2.22442824386603E-37
1261	13.960	2.99643983146006E-38	2.06224351786652E-37
1262	13.971	2.77796716353769E-38	1.91188380147123E-37
1263	13.982	2.57542350113981E-38	1.77248692439079E-37
1264	13.993	2.38764744856684E-38	1.64325357781613E-37
1265	14.004	2.21356228834781E-38	1.52344273114095E-37
1266	14.015	2.05216980728736E-38	1.41236738285434E-37
1267	14.026	1.90254457266039E-38	1.30939062123909E-37
1268	14.037	1.76382862573354E-38	1.21392197228736E-37
1269	14.048	1.63522656218598E-38	1.12541401389262E-37
1270	14.059	1.51600097122051E-38	1.04335923690331E-37
1271	14.070	1.40546820721235E-38	9.67287135039468E-38
1272	14.081	1.30299446965022E-38	8.96761506985698E-38
1273	14.092	1.20799216889190E-38	8.31377955190571E-38
1274	14.103	1.11991655689518E-38	7.70761567030408E-38
1275	14.114	1.03826260360487E-38	7.14564765041203E-38
1276	14.125	9.62562101084498E-39	6.62465313891602E-38
1277	14.136	8.92380978788303E-39	6.14164472669169E-38
1278	14.147	8.27316814578452E-39	5.69385281884688E-38
1279	14.158	7.66996527215982E-39	5.27870975372321E-38
1280	14.169	7.11074237093979E-39	4.89383507979339E-38
1281	14.180	6.59229282946138E-39	4.53702190602986E-38
1282	14.191	6.11164383158850E-39	4.20622424748004E-38
1283	14.202	5.66603931143106E-39	3.89954529348318E-38
1284	14.213	5.25292414992341E-39	3.61522653126181E-38
1285	14.224	4.86992952364112E-39	3.35163766251970E-38
1286	14.235	4.51485932184583E-39	3.10726725522769E-38
1287	14.246	4.18567755387520E-39	2.88071407699601E-38
1288	14.257	3.88049667466747E-39	2.67067906033549E-38
1289	14.268	3.59756676148267E-39	2.47595785373893E-38
1290	14.279	3.33526547975567E-39	2.29543391586763E-38
1291	14.290	3.09208878054704E-39	2.12807211324641E-38
1292	14.301	2.86664227625009E-39	1.97291278475574E-38
1293	14.312	2.65763324510049E-39	1.82906623888541E-38
1294	14.323	2.46386321864434E-39	1.69570765219845E-38
1295	14.334	2.28422110965838E-39	1.57207233975112E-38
1296	14.345	2.11767684111938E-39	1.45745137035057E-38
1297	14.356	1.96327543968985E-39	1.35118750150713E-38
1298	14.367	1.82013155985210E-39	1.25267141077226E-38
1299	14.378	1.68742440729205E-39	1.16133820185275E-38
1300	14.389	1.56439303242250E-39	1.07666416546628E-38
1301	14.400	1.45033196705948E-39	9.98163776365784E-39
1302	14.411	1.34458717923260E-39	9.25386909313557E-39
1303	14.422	1.24655232292760E-39	8.57916258036890E-39
1304	14.433	1.15566526127761E-39	7.95364942379634E-39
1305	14.444	1.07140484322819E-39	7.37374289902401E-39
1306	14.455	9.93287915244048E-40	6.83611779245731E-39
1307	14.466	9.20866550869594E-40	6.33769133427112E-39
1308	14.477	8.53725482307182E-40	5.87560552172871E-39
1309	14.488	7.91479719239850E-40	5.44721073117585E-39
1310	14.499	7.33772341286421E-40	5.05005052502699E-39
1311	14.510	6.80272451395763E-40	4.68184756638515E-39
1312	14.521	6.30673278466803E-40	4.34049056067999E-39
1313	14.532	5.84690418311839E-40	4.02402214942766E-39
1314	14.543	5.42060202861760E-40	3.73062768659160E-39
1315	14.554	5.02538188286544E-40	3.45862483335543E-39
1316	14.565	4.65897753335999E-40	3.20645391146593E-39
1317	14.576	4.31928799886079E-40	2.97266895998678E-39
1318	14.587	4.00436548223667E-40	2.75592944407203E-39
1319	14.598	3.71240420170123E-40	2.55499256827338E-39
1320	14.609	3.44173003636794E-40	2.36870615028764E-39
1321	14.620	3.19079092675549E-40	2.19600201428458E-39
1322	14.631	2.95814797519952E-40	2.03588986593222E-39
1323	14.642	2.74246719513991E-40	1.88745161399856E-39
1324	14.653	2.54251186197380E-40	1.74983610596958E-39
1325	14.664	2.35713542161357E-40	1.62225424749730E-39
1326	14.675	2.18527491608715E-40	1.50397447769246E-39
1327	14.686	2.02594488848277E-40	1.39431857431712E-39
1328	14.697	1.87823173228870E-40	1.29265776482361E-39
1329	14.708	1.74128845272699E-40	1.19840912094080E-39
1330	14.719	1.61432981004191E-40	1.11103221613346E-39
1331	14.730	1.49662781689539E-40	1.03002602676902E-39
1332	14.741	1.38750756405032E-40	9.54926059222520E-40
1333	14.752	1.28634335040653E-40	8.85301686446338E-40
1334	14.763	1.19255509519884E-40	8.20753678732857E-40
1335	14.774	1.10560501178415E-40	7.60911914510772E-40
1336	14.785	1.02499452394563E-40	7.05433258049296E-40
1337	14.796	9.50261407030978E-41	6.53999591900191E-40
1338	14.807	8.80977137532865E-41	6.06315992796191E-40
1339	14.818	8.16744435913225E-41	5.62109040545922E-40
1340	14.829	7.57194988581990E-41	5.21125250228486E-40
1341	14.840	7.01987335968349E-41	4.83129618698107E-40
1342	14.851	6.50804914573951E-41	4.47904277063972E-40
1343	14.862	6.03354241781807E-41	4.15247241419000E-40
1344	14.873	5.59363233011878E-41	3.84971254653736E-40
1345	14.884	5.18579641574215E-41	3.56902712714532E-40
1346	14.895	4.80769612273637E-41	3.30880669149096E-40
1347	14.906	4.45716340471993E-41	3.06755912231241E-40
1348	14.917	4.13218828919404E-41	2.84390109373299E-40
1349	14.928	3.83090735225699E-41	2.63655013919958E-40
1350	14.939	3.55159303363669E-41	2.44431729775409E-40
1351	14.950	3.29264373077182E-41	2.26610029647063E-40
1352	14.961	3.05257461514100E-41	2.10087722996628E-40
1353	14.972	2.83000911818024E-41	1.94770070074345E-40
1354	14.983	2.62367103796849E-41	1.80569238676428E-40
1355	14.994	2.43237722142077E-41	1.67403800510720E-40
1356	15.005	2.25503078002787E-41	1.55198264282716E-40
1357	15.016	2.09061480024172E-41	1.43882642824619E-40
1358	15.027	1.93818651244118E-41	1.33392051785353E-40
1359	15.038	1.79687188504289E-41	1.23666337580378E-40
1360	15.049	1.66586061275956E-41	1.14649732467967E-40
1361	15.060	1.54440147026811E-41	1.06290534774130E-40
1362	15.071	1.43179800464528E-41	9.85408124325725E-41
1363	15.082	1.32740454187104E-41	9.13561281397824E-41
1364	15.093	1.23062248450080E-41	8.46952845492636E-41
1365	15.104	1.14089687927709E-41	7.85200880438465E-41
1366	15.115	1.05771323499932E-41	7.27951297315428E-41
1367	15.126	9.80594572404813E-42	6.74875824091406E-41
1368	15.137	9.09098689145551E-42	6.25670123293565E-41
1369	15.148	8.42815624177222E-42	5.80052046921694E-41
1370	15.159	7.81365307021691E-42	5.37760018597172E-41
1371	15.170	7.24395378423526E-42	4.98551533670699E-41
1372	15.181	6.71579169903920E-42	4.62201768688176E-41
1373	15.192	6.22613830627116E-42	4.28502292241649E-41
1374	15.203	5.77218590838105E-42	3.97259869812874E-41
1375	15.214	5.35133151914619E-42	3.68295355756792E-41
1376	15.225	4.96116193801530E-42	3.41442666071252E-41
1377	15.236	4.59943991269261E-42	3.16547826062809E-41
1378	15.247	4.26409131062014E-42	2.93468087448048E-41
1379	15.258	3.95319322579459E-42	2.72071109827570E-41
1380	15.269	3.66496295272712E-42	2.52234201839444E-41
1381	15.280	3.39774776431847E-42	2.33843617640638E-41
1382	15.291	3.15001543503744E-42	2.16793904682549E-41
1383	15.302	2.92034545506197E-42	2.00987299040741E-41
1384	15.313	2.70742088500258E-42	1.86333164831561E-41
1385	15.324	2.51002080450538E-42	1.72747474501402E-41
1386	15.335	2.32701331143193E-42	1.60152327008391E-41
1387	15.346	2.15734903147484E-42	1.48475501133850E-41
1388	15.357	2.00005510099191E-42	1.37650041362141E-41
1389	15.368	1.85422958855617E-42	1.27613873954313E-41
1390	15.379	1.71903632323535E-42	1.18309451014133E-41
1391	15.390	1.59370009994477E-42	1.09683420505490E-41
1392	15.401	1.47750223438195E-42	1.01686320329108E-41
1393	15.412	1.36977644205412E-42	9.42722947043443E-42
1394	15.423	1.26990501776894E-42	8.73988312297963E-42
1395	15.434	1.17731529368134E-42	8.10265171150268E-42
1396	15.445	1.09147635558692E-42	7.51188131856101E-42
1397	15.456	1.01189599863276E-42	6.96418443656404E-42
1398	15.467	9.38117904989692E-43	6.45642054363174E-42
1399	15.478	8.69719027302575E-43	5.98567809568187E-42
1400	15.489	8.06307162915145E-43	5.54925783148758E-42
1401	15.500	7.47518704959975E-43	5.14465729497574E-42
1402	15.511	6.93016557418127E-43	4.76955648601601E-42
1403	15.522	6.42488202193416E-43	4.42180455742200E-42
1404	15.533	5.95643907117601E-43	4.09940748188301E-42
1405	15.544	5.52215064611434E-43	3.80051661811035E-42
1406	15.555	5.11952651475043E-43	3.52341811063347E-42
1407	15.566	4.74625800976195E-43	3.26652306246521E-42
1408	15.577	4.40020479048701E-43	3.02835842428562E-42
1409	15.588	4.07938257010082E-43	2.80755854790146E-42
1410	15.599	3.78195173761469E-43	2.60285735555037E-42
1411	15.610	3.50620680945182E-43	2.41308108014578E-42
1412	15.621	3.25056665011800E-43	2.23714153483689E-42
1413	15.632	3.01356540588992E-43	2.07402987328969E-42
1414	15.643	2.79384409953462E-43	1.92281080491027E-42
1415	15.654	2.59014283786538E-43	1.78261723184128E-42
1416	15.665	2.40129358744915E-43	1.65264527697808E-42
1417	15.676	2.22621347704385E-43	1.53214967449680E-42
1418	15.687	2.06389858835896E-43	1.42043949646177E-42
1419	15.698	1.91341819953688E-43	1.31687419100955E-42
1420	15.709	1.77390944834655E-43	1.22085990939198E-42
1421	15.720	1.64457238448694E-43	1.13184610081689E-42
1422	15.731	1.52466538263159E-43	1.04932235556200E-42
1423	15.742	1.41350088991088E-43	9.72815478259379E-43
1424	15.753	1.31044148344884E-43	9.01886774569060E-43
1425	15.764	1.21489621534791E-43	8.36129535683353E-43
1426	15.775	1.12631722416338E-43	7.75166706237699E-43
1427	15.786	1.04419659343808E-43	7.18648722256080E-43
1428	15.797	9.68063439283373E-44	6.66251506733223E-43
1429	15.808	8.97481210306899E-44	6.17674611360564E-43
1430	15.819	8.32045184404653E-44	5.72639493740298E-43
1431	15.830	7.71380148063754E-44	5.30887920209053E-43
1432	15.841	7.15138244869512E-44	4.92180485113222E-43
1433	15.852	6.62996980876497E-44	4.56295238043012E-43
1434	15.863	6.14657375417198E-44	4.23026411161183E-43
1435	15.874	5.69842246724530E-44	3.92183239314886E-43
1436	15.885	5.28294622564481E-44	3.63588866183400E-43
1437	15.896	4.89776266738046E-44	3.37079330170713E-43
1438	15.907	4.54066313026702E-44	3.12502624244117E-43
1439	15.918	4.20959998733617E-44	2.89717824317700E-43
1440	15.929	3.90267490562312E-44	2.68594281185349E-43
1441	15.940	3.61812796104379E-44	2.49010871372594E-43
1442	15.951	3.35432754688744E-44	2.30855302607532E-43
1443	15.962	3.10976101811556E-44	2.14023469932248E-43
1444	15.973	2.88302601776561E-44	1.98418858758817E-43
1445	15.984	2.67282243577733E-44	1.83951991450607E-43
1446	15.995	2.47794495407515E-44	1.70539914251559E-43
1447	16.006	2.29727613523300E-44	1.58105721626497E-43
1448	16.017	2.12978001502078E-44	1.46578115280164E-43
1449	16.028	1.97449616213509E-44	1.35890995329325E-43
1450	16.039	1.83053417103650E-44	1.25983081282622E-43
1451	16.050	1.69706855631914E-44	1.16797560655137E-43
1452	16.061	1.57333401933513E-44	1.08281763202693E-43
1453	16.072	1.45862105993297E-44	1.00386858907982E-43
1454	16.083	1.35227190814775E-44	9.30675779867685E-44
1455	16.094	1.25367675251415E-44	8.62819513086133E-44
1456	16.105	1.16227024337675E-44	7.99910697437545E-44
1457	16.116	1.07752825114606E-44	7.41588610561635E-44
1458	16.127	9.98964860912755E-45	6.87518830635069E-44
1459	16.138	9.26129586186774E-45	6.37391318779610E-44
1460	16.149	8.58604785784734E-45	5.90918641283368E-44
1461	16.160	7.96003269054161E-45	5.47834321441267E-44
1462	16.171	7.37966075702448E-45	5.07891311563970E-44
1463	16.182	6.84160417500277E-45	4.70860576393859E-44
1464	16.193	6.34277770056858E-45	4.36529779805133E-44
1465	16.204	5.88032103725340E-45	4.04702067257632E-44
1466	16.215	5.45158243494254E-45	3.75194937022887E-44
1467	16.226	5.05410348460417E-45	3.47839193709854E-44
1468	16.237	4.68560502164682E-45	3.22477978089940E-44
1469	16.248	4.34397405707290E-45	2.98965867658148E-44
1470	16.259	4.02725166149193E-45	2.77168042773016E-44
1471	16.270	3.73362173251973E-45	2.56959513593925E-44
1472	16.281	3.46140058115456E-45	2.38224403382970E-44
1473	16.292	3.20902727741817E-45	2.20855284061815E-44
1474	16.303	2.97505469990393E-45	2.04752560213622E-44
1475	16.314	2.75814123790850E-45	1.89823897997832E-44
1476	16.325	2.55704309856790E-45	1.75983695703228E-44
1477	16.336	2.37060717488563E-45	1.63152592903347E-44
1478	16.347	2.19776443375813E-45	1.51257015399734E-44
1479	16.358	2.03752378608460E-45	1.40228753343744E-44
1480	16.369	1.88896640381129E-45	1.30004570117776E-44
1481	16.380	1.75124045132475E-45	1.20525839733293E-44
1482	16.391	1.62355620098288E-45	1.11738210666406E-44
1483	16.402	1.50518150477622E-45	1.03591294203456E-44
1484	16.413	1.39543759615397E-45	9.60383755095645E-45
1485	16.424	1.29369519794186E-45	8.90361457633765E-45
1486	16.435	1.19937091403493E-45	8.25444538220876E-45
1487	16.446	1.11192388417416E-45	7.65260759927157E-45
1488	16.457	1.03085268262637E-45	7.09465025895642E-45
1489	16.468	9.55692442983401E-46	6.57737400539161E-45
1490	16.479	8.86012192594336E-46	6.09781275013308E-45
1491	16.490	8.21412381346507E-46	5.65321666446323E-45
1492	16.501	7.61522590624498E-46	5.24103641173089E-45
1493	16.512	7.05999409311086E-46	4.85890852932612E-45
1494	16.523	6.54524464650300E-46	4.50464187646456E-45
1495	16.534	6.06802596681743E-46	4.17620507007394E-45
1496	16.545	5.62560165778447E-46	3.87171483674086E-45
1497	16.556	5.21543483583103E-46	3.58942521392363E-45
1498	16.567	4.83517358346207E-46	3.32771753851484E-45
1499	16.578	4.48263746324497E-46	3.08509116534409E-45
1500	16.589	4.15580501507040E-46	2.86015486240220E-45
1501	16.600	3.85280216499648E-46	2.65161883344562E-45
1502	16.611	3.57189147921318E-46	2.45828732223894E-45
1503	16.622	3.31146220150843E-46	2.27905175602783E-45
1504	16.633	3.07002101710953E-46	2.11288438892604E-45
1505	16.644	2.84618348994022E-46	1.95883240876822E-45
1506	16.655	2.63866612419330E-46	1.81601247363613E-45
1507	16.666	2.44627900470024E-46	1.68360564673107E-45
1508	16.677	2.26791897389691E-46	1.56085270054846E-45
1509	16.688	2.10256330626200E-46	1.44704976342877E-45
1510	16.699	1.94926384395613E-46	1.34154428352108E-45
1511	16.710	1.80714156003691E-46	1.24373128701783E-45
1512	16.721	1.67538151807328E-46	1.15304990920391E-45
1513	16.732	1.55322819925858E-46	1.06898017842985E-45
1514	16.743	1.43998117022717E-46	9.91040034567908E-46
1515	16.754	1.33499106673352E-46	9.18782564854450E-46
1516	16.765	1.23765587016472E-46	8.51793441269591E-46
1517	16.776	1.14741745553487E-46	7.89688544759033E-46
1518	16.787	1.06375839116803E-46	7.32111762675865E-46
1519	16.798	9.86198971718585E-47	6.78732946812515E-46
1520	16.809	9.14294467516119E-47	6.29246020313916E-46
1521	16.820	8.47632574463009E-47	5.83367222617350E-46
1522	16.831	7.85831049861505E-47	5.40833482354787E-46
1523	16.842	7.28535520614778E-47	5.01400908888354E-46
1524	16.853	6.75417451233309E-47	4.64843393828843E-46
1525	16.864	6.26172259995691E-47	4.30951314518714E-46
1526	16.875	5.80517572461534E-47	3.99530332045102E-46
1527	16.886	5.38191602321918E-47	3.70400276890515E-46
1528	16.897	4.98951650303462E-47	3.43394115831702E-46
1529	16.908	4.62572712518174E-47	3.18356994162542E-46
1530	16.919	4.28846190279718E-47	2.95145347749290E-46
1531	16.930	3.97578693987933E-47	2.73626079826519E-46
1532	16.941	3.68590934222925E-47	2.53675797813438E-46
1533	16.952	3.41716693690477E-47	2.35180105774588E-46
1534	16.963	3.16801874123487E-47	2.18032948467644E-46
1535	16.974	2.93703612674720E-47	2.02136003217288E-46
1536	16.985	2.72289462733912E-47	1.87398116127950E-46
1537	16.996	2.52436634472168E-47	1.73734779402731E-46
1538	17.007	2.34031290758794E-47	1.61067646771365E-46
1539	17.018	2.16967894413379E-47	1.49324084248713E-46
1540	17.029	2.01148603050238E-47	1.38436753647789E-46
1541	17.040	1.86482708045152E-47	1.28343226459155E-46
1542	17.051	1.72886114407508E-47	1.18985625882662E-46
1543	17.062	1.60280858575313E-47	1.10310294958922E-46
1544	17.073	1.48594661368152E-47	1.02267488897558E-46
1545	17.084	1.37760513534683E-47	9.48110898380474E-47
1546	17.095	1.27716291518182E-47	8.78983424075580E-47
1547	17.106	1.18404401236863E-47	8.14896085594380E-47
1548	17.117	1.09771447836508E-47	7.55481402866539E-47
1549	17.128	1.01767929521623E-47	7.00398689068291E-47
1550	17.139	9.43479537096276E-48	6.49332097106866E-47
1551	17.150	8.74689738804511E-48	6.01988808537172E-47
1552	17.161	8.10915456125915E-48	5.58097354525750E-47
1553	17.172	7.51791004068102E-48	5.17406059234757E-47
1554	17.183	6.96977360004787E-48	4.79681596699784E-47
1555	17.194	6.46160219702793E-48	4.44707652926905E-47
1556	17.205	5.99048195085579E-48	4.12283685537219E-47
1557	17.216	5.55371143398993E-48	3.82223773846520E-47
1558	17.227	5.14878618199070E-48	3.54355552786696E-47
1559	17.238	4.77338433279233E-48	3.28519224555563E-47
1560	17.249	4.42535331302852E-48	3.04566642328184E-47
1561	17.260	4.10269749506565E-48	2.82360460775337E-47
1562	17.271	3.80356675397519E-48	2.61773348518595E-47
1563	17.282	3.52624585881250E-48	2.42687258004990E-47
1564	17.293	3.26914463740852E-48	2.24992748617242E-47
1565	17.304	3.03078885824017E-48	2.08588359135593E-47
1566	17.315	2.80981177709973E-48	1.93380025953182E-47
1567	17.326	2.60494630012527E-48	1.79280543711306E-47
1568	17.337	2.41501771821029E-48	1.66209065258795E-47
1569	17.348	2.23893697117094E-48	1.54090638070953E-47
1570	17.359	2.07569440301852E-48	1.42855774467896E-47
1571	17.370	1.92435397253372E-48	1.32440053168185E-47
1572	17.381	1.78404788595978E-48	1.22783749893997E-47
1573	17.392	1.65397162103545E-48	1.13831494909528E-47
1574	17.403	1.53337931381642E-48	1.05531955527627E-47
1575	17.414	1.42157948186043E-48	9.78375417660308E-48
1576	17.425	1.31793105922068E-48	9.07041334632265E-48
1577	17.436	1.22183972055182E-48	8.40908272919353E-48
1578	17.447	1.13275447321269E-48	7.79597022169783E-48
1579	17.458	1.05016449784740E-48	7.22756020541916E-48
1580	17.469	9.73596219321270E-49	6.70059338830881E-48
1581	17.480	9.02610591216532E-49	6.21204811573663E-48
1582	17.491	8.36800578318000E-49	5.75912304417068E-48
1583	17.502	7.75788822652256E-49	5.33922107812977E-48
1584	17.513	7.19225479697826E-49	4.94993447830575E-48
1585	17.524	6.66786212358780E-49	4.58903105546304E-48
1586	17.535	6.18170331199274E-49	4.25444137095164E-48
1587	17.546	5.73099070275021E-49	3.94424687044062E-48
1588	17.557	5.31313988675093E-49	3.65666888282927E-48
1589	17.568	4.92575488608579E-49	3.39005842125656E-48
1590	17.579	4.56661441538585E-49	3.14288672772598E-48
1591	17.590	4.23365914485871E-49	2.91373650712919E-48
1592	17.601	3.92497989198658E-49	2.70129380040370E-48
1593	17.612	3.63880667417626E-49	2.50434045022454E-48
1594	17.623	3.37349855958827E-49	2.32174711602772E-48
1595	17.634	3.12753425795027E-49	2.15246679831402E-48
1596	17.645	2.89950339740065E-49	1.99552883510024E-48
1597	17.656	2.68809843734459E-49	1.85003333609400E-48
1598	17.667	2.49210717094947E-49	1.71514602267686E-48
1599	17.678	2.31040577428886E-49	1.59009344410795E-48
1600	17.689	2.14195236227888E-49	1.47415854251816E-48

