#step e_adh e_adh_nonbond
0 -1490.97	-1490.97
100000 -4454.6	-918.634
200000 -4447.2	-893.088
300000 -4391.75	-916.871
400000 -4524.49	-916.708
500000 -4456.62	-924.696
600000 -4528.07	-879.756
700000 -4580.37	-876.151
800000 -4711.53	-906.792
900000 -4708.13	-867.05
1000000 -4731.12	-895.636
1100000 -4716.96	-864.771
1200000 -4637.43	-911.781
1300000 -4751.44	-851.257
1400000 -4739.14	-853.157
1500000 -4704.28	-916.697
1600000 -4807.85	-869.428
1700000 -4860.81	-817.08
1800000 -4726.39	-861.528
1900000 -4785.7	-843.38
2000000 -4768.76	-846.996
2100000 -4795.02	-893.617
2200000 -4759.1	-870.393
2300000 -4740.86	-846.425
2400000 -4785.26	-865.471
