#step e_adh e_adh_nonbond
0 -2567.84	-2567.85
100000 -7238.28	-3159.33
200000 -7370.57	-3181.25
300000 -7525.68	-3115.38
400000 -7728.59	-3098.51
500000 -7749.25	-3068.26
600000 -7807.34	-3066.11
700000 -7698.15	-3083.69
800000 -7802.93	-3015.5
900000 -7901.97	-2966.55
1000000 -7898.11	-2974.37
1100000 -8373.12	-2913.39
1200000 -8586.86	-2892.02
1300000 -8702.74	-2890.26
1400000 -8710.96	-2860.76
1500000 -8846.82	-2858.15
1600000 -8946.16	-2841.7
1700000 -8915.1	-2871.34
1800000 -8976	-2846.46
1900000 -9003.4	-2833.36
2000000 -8960.95	-2894.43
2100000 -9064.83	-2950.81
2200000 -9007.32	-2923.99
2300000 -9135.55	-2852.01
2400000 -9039.7	-2938.86
2500000 -9271.32	-2903.26
2600000 -9121.37	-2924
2700000 -9375.77	-2857.95
2800000 -9548.11	-2906.9
2900000 -9461.4	-2865.33
3000000 -9441.68	-2844.87
3100000 -9490.24	-2895.15
3200000 -9612.44	-2869.81
3300000 -9714.13	-2827.37
3400000 -9745.38	-2861.04
3500000 -9742.31	-2847.47
3600000 -9712.91	-2887.22
3700000 -9754.61	-2828.66
3800000 -9902.16	-2804.05
3900000 -9869.46	-2741.51
4000000 -9838.56	-2831.97
4100000 -9810.85	-2877.04
4200000 -9852.75	-2842.69
4300000 -9931.45	-2838.93
4400000 -9903.86	-2833.42
4500000 -9860.95	-2853.49
4600000 -10024.8	-2799.83
4700000 -9940.88	-2841.96
4800000 -9985.09	-2807.79
4900000 -9961.45	-2825.33
5000000 -10063.6	-2767.28
5100000 -9997.56	-2856.64
5200000 -10012.6	-2820.01
5300000 -10038.7	-2807.33
5400000 -9969.95	-2788.84
5500000 -10063.9	-2796.66
5600000 -10095.8	-2798.41
5700000 -10053.5	-2814.72
5800000 -10051.5	-2828.01
5900000 -10057.4	-2832.62
6000000 -10145.2	-2792.1
