#step e_adh e_adh_nonbond
0 -1570.09	-1567.9
100000 -4074.13	-925.11
200000 -4117.35	-913.8
300000 -4090.95	-907.66
400000 -4158.7	-875.9
500000 -4108.56	-901.92
600000 -4100.51	-905.42
700000 -4159.08	-889.71
800000 -4098.2	-895.19
900000 -4148.78	-882.27
1000000 -4128.51	-900.07
1100000 -4125.55	-890.59
1200000 -4130.93	-886.46
1300000 -4136.52	-895.38
1400000 -4140.19	-899.83
1500000 -4111.2	-889.28
1600000 -4133.58	-896.81
1700000 -4129.38	-889.92
1800000 -4108.22	-878.67
1900000 -4170.85	-868.51
2000000 -4080.8	-913.84
2100000 -4127.46	-883.54
2200000 -4131.72	-867.54
2300000 -4181.62	-866.45
