#step e_adh e_adh_nonbond
0 -1514.38	-1434.71
100000 -2536.22	-1605.35
200000 -2586.12	-1617.39
300000 -2962.78	-1558.66
400000 -3139.64	-1548.75
500000 -3118.57	-1530.51
600000 -3250.57	-1567.73
700000 -3230.24	-1557.7
800000 -3215.2	-1549.84
900000 -3206.97	-1551.21
1000000 -3359.73	-1540.48
1100000 -3261.4	-1546.7
1200000 -3342.09	-1561.03
1300000 -3259.56	-1541.43
1400000 -3374.97	-1556.05
1500000 -3337.33	-1558.56
1600000 -3330.45	-1552.8
1700000 -3327.86	-1558.11
1800000 -3385.58	-1555.03
1900000 -3464.49	-1526.41
2000000 -3499.13	-1513.22
2100000 -3547.97	-1511.78
2200000 -3472.47	-1513.29
2300000 -3485.68	-1530.83
2400000 -3562.2	-1509.45
2500000 -3482.16	-1515.31
2600000 -3552.66	-1524.61
2700000 -3511.04	-1547.37
2800000 -3556.78	-1534.25
2900000 -3535.52	-1526.97
3000000 -3590.7	-1523.23
3100000 -3485.35	-1518.8
3200000 -3550.46	-1535.15
3300000 -3528.68	-1515.05
3400000 -3494.3	-1520.2
3500000 -3546.22	-1531.59
3600000 -3528.14	-1515.19
3700000 -3559.4	-1509.49
3800000 -3581.1	-1503.96
3900000 -3572.12	-1506.97
4000000 -3572.8	-1521.7
4100000 -3621.83	-1499.55
4200000 -3656.59	-1500.86
4300000 -3631.54	-1509.74
4400000 -3608.67	-1492.66
4500000 -3643.15	-1502.97
4600000 -3591.39	-1511.74
4700000 -3580.03	-1498.23
4800000 -3558.31	-1500.18
4900000 -3623.83	-1504.03
5000000 -3629.88	-1504.24
5100000 -3618.02	-1488.03
5200000 -3607.87	-1519.94
5300000 -3617.08	-1506.97
5400000 -3641.86	-1507.21
5500000 -3588.45	-1493.49
5600000 -3589.14	-1513.33
5700000 -3614.29	-1526.57
5800000 -3686.02	-1482.31
5900000 -3605.58	-1508.39
6000000 -3602.9	-1505.47
6100000 -3631.99	-1508.42
6200000 -3622.27	-1522.48
6300000 -3662.75	-1524.35
6400000 -3668.72	-1499.99
6500000 -3612.85	-1498.98
6600000 -3625.24	-1507.01
6700000 -3646.28	-1513.8
6800000 -3582.32	-1505.22
6900000 -3604.52	-1514.18
7000000 -3557.33	-1510.49
7100000 -3680.85	-1517.25
7200000 -3641.6	-1491.17
7300000 -3574.09	-1503.77
7400000 -3539.64	-1502.91
7500000 -3609.62	-1477.45
7600000 -3557.93	-1460.65
7700000 -3582.19	-1478.59
7800000 -3647.34	-1469.2
7900000 -3869.31	-1498.36
8000000 -3977.61	-1479.7
8100000 -4016.01	-1458.42
8200000 -3977.61	-1472.77
8300000 -4055.94	-1480.68
8400000 -4016.44	-1478.52
8500000 -4108.19	-1445.82
8600000 -4028.7	-1468.86
8700000 -4008.8	-1480.54
8800000 -4006.42	-1469.06
8900000 -4055.84	-1469.66
9000000 -4082.68	-1454.53
9100000 -4084.55	-1468.13
9200000 -4126.3	-1459.31
9300000 -4134.81	-1459.94
9400000 -4194.16	-1429.79
9500000 -4093.65	-1450.23
9600000 -4143.56	-1438.81
9700000 -4214.37	-1438.69
9800000 -4104.62	-1442.36
9900000 -4237.15	-1449.06
10000000 -4084.42	-1460.02
10100000 -4146.33	-1467.11
10200000 -4117.79	-1445.1
10300000 -4219.56	-1437.72
10400000 -4196.1	-1435.02
10500000 -4262.75	-1406.55
10600000 -4288.23	-1443.43
10700000 -4299.64	-1429.74
10800000 -4246.11	-1436.98
10900000 -4256.9	-1437.45
11000000 -4300.23	-1427.14
11100000 -4224.52	-1444.98
11200000 -4255.88	-1432.79
11300000 -4365.25	-1409.87
11400000 -4282.93	-1427.33
11500000 -4307.57	-1430.64
11600000 -4310.07	-1433.26
11700000 -4230.02	-1435.5
11800000 -4264.59	-1432.83
11900000 -4191.08	-1414.67
12000000 -4253.55	-1429.11
12100000 -4271.65	-1437.22
12200000 -4292.41	-1403.1
12300000 -4268.53	-1438.68
12400000 -4320.63	-1442.84
12500000 -4127.28	-1465.36
12600000 -4222.55	-1432.82
12700000 -4205.02	-1452.16
12800000 -4132.22	-1470.12
12900000 -4160.89	-1456.71
13000000 -4146.31	-1455.51
13100000 -4206.84	-1445.13
13200000 -4147.07	-1425.27
13300000 -4237.54	-1457.43
13400000 -4224.43	-1455.61
13500000 -4241.49	-1435.17
13600000 -4181.89	-1447.52
13700000 -4239.35	-1444.61
13800000 -4194.54	-1431.08
13900000 -4261.23	-1454.14
14000000 -4197.73	-1442.91
14100000 -4119.85	-1430.19
14200000 -4123	-1451.34
14300000 -4262.12	-1458.02
14400000 -4178.25	-1437.76
14500000 -4174.04	-1440.02
14600000 -4188.35	-1450.72
14700000 -4137.69	-1468.71
14800000 -4284.12	-1428.99
14900000 -4176.52	-1456.58
15000000 -4193.61	-1441.27
15100000 -4096.64	-1458.8
15200000 -4248.64	-1434.98
15300000 -4128.25	-1443.94
15400000 -4278.66	-1450.75
15500000 -4332.63	-1431.95
15600000 -4117.18	-1426.68
15700000 -4169.54	-1463.49
15800000 -4161.06	-1436.45
15900000 -4199.95	-1446.28
16000000 -4234.34	-1428.62
16100000 -4191.24	-1454.5
16200000 -4222.92	-1478.84
16300000 -4329.78	-1448.57
