#step e_adh e_adh_nonbond
0 -1285.11	-1285.11
100000 -2937.12	-1527.12
200000 -3149.74	-1462.22
300000 -3387.96	-1432.24
400000 -3403.74	-1430.85
500000 -3566.26	-1397.37
600000 -3670.16	-1372.28
700000 -3656.98	-1388.47
800000 -3834.45	-1322.74
900000 -3831.81	-1349.53
1000000 -4000.04	-1349.52
1100000 -4024.19	-1325.6
1200000 -4096.17	-1310.87
1300000 -4344.21	-1232.76
1400000 -4400.82	-1243.87
1500000 -4402.07	-1219.97
1600000 -4423.88	-1239.32
1700000 -4550.14	-1196.24
1800000 -4583.46	-1203.86
1900000 -4643.33	-1192.5
2000000 -4639.38	-1222.66
2100000 -4661.24	-1168.91
2200000 -4754.3	-1174.42
2300000 -4726.21	-1164.45
2400000 -4727.09	-1192.57
2500000 -4715.78	-1178.36
2600000 -4692.2	-1196.77
2700000 -4763.34	-1153.19
2800000 -4752.28	-1178.59
2900000 -4726.07	-1183.71
3000000 -4732.54	-1194.11
3100000 -4664.49	-1165.94
3200000 -4711.35	-1166.18
3300000 -4757.86	-1178.5
3400000 -4709	-1182.37
3500000 -4726.63	-1177.4
3600000 -4716.96	-1198.89
3700000 -4748.28	-1187.85
3800000 -4742.2	-1161.11
