#step e_adh e_adh_nonbond
0 -3596	-3586.61
100000 -9422.74	-1605.9
200000 -9691.63	-1459.27
300000 -9941.34	-1421.33
400000 -9984.83	-1325.97
500000 -9938.3	-1279.37
600000 -9994.23	-1251.36
700000 -9964.86	-1353.86
800000 -10019.7	-1287.29
900000 -10086.6	-1219.87
1000000 -10110	-1259.2
1100000 -10134.2	-1332.36
1200000 -10071.1	-1295.32
1300000 -10116.7	-1251.34
1400000 -10122.9	-1288.77
1500000 -10077.6	-1305.89
1600000 -10155.6	-1247.59
1700000 -10067	-1218.47
1800000 -10053.3	-1255.73
1900000 -10050.9	-1243.27
2000000 -10129.6	-1215.78
2100000 -10124.3	-1216.57
2200000 -10104.4	-1328.95
2300000 -10136.1	-1217.67
2400000 -10169.6	-1264.37
2500000 -10192.5	-1259.69
2600000 -10186.5	-1345.87
2700000 -10197.3	-1263.04
2800000 -10231.5	-1301.36
2900000 -10269.6	-1219.91
3000000 -10286	-1215.56
3100000 -10336.8	-1240.2
3200000 -10238.9	-1248.63
3300000 -10393	-1176.36
3400000 -10333.3	-1175.88
3500000 -10366.8	-1229.47
