#step e_adh e_adh_nonbond
0 -1186.37	-1186.71
100000 -2022.47	-1231.66
200000 -2156.99	-1198.94
300000 -2463.26	-1193.77
400000 -2445.42	-1189.24
500000 -2436.35	-1179.96
600000 -2478.13	-1185.19
700000 -2421.13	-1194.6
800000 -2470.71	-1188.91
900000 -2433.15	-1185.65
1000000 -2419.78	-1186.74
1100000 -2458.1	-1196.06
1200000 -2476.67	-1190.53
1300000 -2483.54	-1191.67
1400000 -2432.79	-1185.27
1500000 -2457.43	-1186.36
1600000 -2462.08	-1193.12
1700000 -2440.81	-1200.58
1800000 -2467.14	-1182.26
1900000 -2450.22	-1196.23
2000000 -2464.03	-1186.19
2100000 -2434.89	-1191.06
2200000 -2431.81	-1192.65
2300000 -2462.31	-1178.42
2400000 -2428.83	-1184.47
2500000 -2411.85	-1186.76
2600000 -2428.27	-1199.09
2700000 -2469.99	-1202.2
2800000 -2472.64	-1167.85
2900000 -2440.7	-1189.37
3000000 -2418.37	-1218.69
3100000 -2430.92	-1200.83
3200000 -2431.71	-1199.71
3300000 -2479.91	-1183.22
3400000 -2478.76	-1192.27
3500000 -2510.08	-1235.38
3600000 -2632.26	-1194.09
3700000 -2643.14	-1218.34
3800000 -2647.01	-1213.76
3900000 -2661.56	-1193.81
4000000 -2699.95	-1217.41
4100000 -2638.91	-1198
4200000 -2679.07	-1225.22
4300000 -2743.95	-1209.42
4400000 -2728.54	-1200.67
4500000 -2693.83	-1204.17
4600000 -2718.75	-1209.78
4700000 -2714.19	-1210
4800000 -2761.46	-1177.11
4900000 -2715.66	-1212.35
5000000 -2741.32	-1210.38
5100000 -2774.29	-1201.41
5200000 -2749.46	-1219.9
5300000 -2710.85	-1215.09
5400000 -2747.47	-1209.36
5500000 -2681.03	-1199.15
5600000 -2752.38	-1203.19
5700000 -2703.51	-1196.81
5800000 -2725.33	-1190.86
5900000 -2752.61	-1215.1
6000000 -2774.1	-1226.82
6100000 -2801.86	-1194.76
6200000 -2777.48	-1192.47
6300000 -2909.4	-1203.9
6400000 -2932.17	-1209.16
6500000 -2934.4	-1215.32
6600000 -2954.11	-1229.7
6700000 -2930.18	-1219.65
6800000 -2933.74	-1201.74
6900000 -3019.58	-1203.52
7000000 -3012.99	-1179.61
7100000 -2967.92	-1202.18
7200000 -3050.97	-1188.77
7300000 -3071.14	-1181.54
7400000 -3069.07	-1186.68
7500000 -3068.03	-1190.09
7600000 -3031.01	-1201.87
7700000 -3048.13	-1186.35
7800000 -3051.14	-1193.44
7900000 -3073.19	-1181.32
8000000 -3062.06	-1183.29
8100000 -3017.17	-1185.78
8200000 -3008.94	-1200.93
8300000 -3093.38	-1200.22
8400000 -3039.16	-1201.76
8500000 -3042.78	-1197.82
8600000 -3069.12	-1192.32
8700000 -3005.73	-1189.36
8800000 -3052.83	-1174.02
8900000 -3053.73	-1197.24
9000000 -3043.44	-1190.96
9100000 -3109.62	-1201.28
9200000 -3049.59	-1201.03
9300000 -3044.31	-1193.77
9400000 -3004.33	-1182.42
9500000 -3055.39	-1197.41
9600000 -2997	-1200.27
9700000 -3035.81	-1197.83
9800000 -3049.7	-1182.77
9900000 -2991.93	-1191.74
10000000 -3027.18	-1202.28
10100000 -3039.17	-1190.6
10200000 -2915	-1186.04
10300000 -2959.4	-1161.61
10400000 -3015.64	-1157.13
10500000 -3004.65	-1161.82
10600000 -3063.14	-1193.57
10700000 -3089.72	-1172.58
10800000 -3125.23	-1170.23
10900000 -3101.48	-1162.17
11000000 -3139.6	-1145.96
11100000 -3156.99	-1157.75
11200000 -3146.38	-1159.94
11300000 -3180.48	-1137.29
11400000 -3203.7	-1143.46
11500000 -3147.31	-1149.93
11600000 -3201.25	-1148.81
11700000 -3140.38	-1146.84
11800000 -3186.23	-1156.3
11900000 -3290.92	-1136.06
12000000 -3181.61	-1149.16
12100000 -3277.06	-1133.57
12200000 -3238.59	-1155.77
12300000 -3205.8	-1148.12
12400000 -3196.92	-1161.42
12500000 -3191.8	-1137.19
12600000 -3249.01	-1142.48
12700000 -3184.84	-1160.82
12800000 -3228.06	-1149.61
12900000 -3195.5	-1155.08
13000000 -3229.88	-1148.6
13100000 -3180.57	-1176.3
13200000 -3135.16	-1150.33
13300000 -3158.1	-1168.55
13400000 -3187.68	-1153.45
13500000 -3167.86	-1150.82
13600000 -3177.88	-1148.74
13700000 -3206.78	-1154.31
13800000 -3259.17	-1158.84
13900000 -3171.15	-1160.29
14000000 -3270.33	-1140.49
14100000 -3176.3	-1160.58
14200000 -3203.9	-1152.66
14300000 -3174.04	-1157.38
14400000 -3168.74	-1161.39
14500000 -3243.16	-1176.28
14600000 -3163.33	-1174.92
14700000 -3181.45	-1149.51
14800000 -3228.64	-1144.59
14900000 -3206.68	-1156.57
15000000 -3212.26	-1161.6
15100000 -3198.07	-1183.02
15200000 -3215.32	-1149.66
15300000 -3177.89	-1167.09
15400000 -3178.66	-1178.06
15500000 -3085.9	-1179.55
15600000 -3110.61	-1165.14
15700000 -3129.9	-1172.21
15800000 -3170.88	-1168.36
15900000 -3122.97	-1162.71
16000000 -3098.59	-1174.57
16100000 -3127.18	-1156.24
16200000 -3194.85	-1164.3
16300000 -3133.36	-1174.71
16400000 -3125.74	-1156.88
