#step e_adh e_adh_nonbond
0 -3601.42	-3601.42
100000 -8379.7	-2528.26
200000 -8892.98	-2203.6
300000 -9008.76	-2182.29
400000 -9060.69	-2174.79
500000 -9049.23	-2078.07
600000 -9205.6	-2063.93
700000 -9282.06	-2000.43
800000 -9317.9	-1961.38
900000 -9341.3	-1893.82
1000000 -9447.71	-1827.96
1100000 -9403.77	-1822.77
1200000 -9404.31	-1854.93
1300000 -9464.64	-1861.33
1400000 -9362.21	-1869.55
1500000 -9427.7	-1844.46
1600000 -9486.2	-1856.07
1700000 -9483.63	-1855.83
1800000 -9451.91	-1908.67
1900000 -9486.1	-1761.43
2000000 -9486.37	-1818
2100000 -9500.02	-1793.38
2200000 -9447.64	-1827.48
2300000 -9500.07	-1895.79
2400000 -9586.32	-1779.69
2500000 -9654.87	-1854.95
2600000 -9595.59	-1856.62
2700000 -9567.08	-1801.56
2800000 -9663.6	-1720.45
2900000 -9609.59	-1762.25
3000000 -9660.66	-1718.05
3100000 -9610.3	-1801.72
3200000 -9563.3	-1698.17
3300000 -9548.4	-1842.62
3400000 -9592.28	-1763.77
3500000 -9634.71	-1824.08
3600000 -9589.37	-1790.16
3700000 -9552.64	-1800.09
3800000 -9597.73	-1805.24
3900000 -9593.4	-1701.63
4000000 -9624.08	-1740.37
4100000 -9641.05	-1753.18
