5.200776979999999661e+00
4.744787979999999905e+00
4.360566529999999830e+00
4.649687130000000224e+00
5.289549359999999645e+00
5.095851559999999836e+00
4.597270410000000140e+00
5.163422879999999715e+00
4.959078850000000038e+00
4.587290699999999610e+00
4.422598029999999625e+00
5.116918880000000058e+00
4.693464940000000141e+00
4.662845500000000420e+00
4.736089869999999813e+00
4.509447719999999826e+00
5.118062120000000270e+00
4.864931219999999890e+00
5.057751470000000360e+00
4.925635800000000231e+00
4.707590989999999920e+00
4.194274049999999754e+00
4.704384110000000341e+00
4.978444230000000026e+00
4.829849560000000430e+00
4.700688310000000314e+00
4.658636880000000424e+00
4.789003369999999649e+00
4.451134169999999557e+00
4.674914799999999815e+00
5.098300909999999853e+00
4.088984309999999844e+00
4.393820179999999631e+00
5.128480309999999598e+00
4.800959970000000077e+00
4.862415679999999796e+00
5.027978820000000404e+00
4.798568719999999566e+00
4.717298040000000192e+00
4.975814299999999690e+00
4.539171330000000282e+00
4.469811070000000441e+00
5.068164509999999900e+00
4.339803850000000018e+00
4.749966849999999852e+00
4.350375449999999589e+00
4.675333160000000099e+00
4.760579769999999655e+00
4.768646519999999889e+00
4.596693939999999756e+00
5.070805169999999862e+00
4.554783989999999783e+00
4.908876140000000277e+00
5.470026279999999907e+00
4.597935109999999881e+00
5.032351170000000096e+00
4.586990169999999978e+00
4.926171949999999633e+00
5.310826579999999630e+00
5.031058950000000252e+00
5.226207969999999925e+00
4.338446249999999615e+00
4.818249520000000174e+00
4.840571719999999800e+00
4.717696980000000373e+00
4.722889010000000276e+00
4.952640999999999849e+00
4.393824440000000386e+00
4.542466410000000288e+00
5.083449380000000239e+00
4.652901459999999823e+00
5.354393619999999743e+00
5.328586379999999956e+00
4.486282120000000262e+00
4.866778599999999955e+00
4.874606889999999915e+00
4.365695310000000440e+00
4.849438730000000142e+00
5.148345550000000159e+00
4.945246250000000288e+00
5.205259629999999582e+00
4.782542259999999601e+00
4.721746989999999755e+00
4.492112810000000067e+00
5.139969169999999643e+00
5.075373319999999744e+00
4.799832059999999956e+00
4.709284750000000130e+00
4.886083649999999778e+00
4.805100790000000011e+00
4.425022170000000088e+00
4.725166709999999881e+00
5.047464979999999990e+00
5.186174910000000082e+00
5.382814770000000415e+00
4.793788720000000225e+00
4.751459889999999575e+00
4.729199099999999767e+00
5.081833170000000344e+00
5.222171600000000247e+00
4.606900819999999896e+00
5.098846889999999910e+00
4.949380979999999930e+00
4.625377099999999686e+00
4.706463900000000145e+00
4.887399539999999654e+00
4.566768780000000305e+00
4.623223300000000258e+00
4.360726679999999966e+00
4.505112310000000342e+00
4.379146539999999810e+00
4.450695549999999834e+00
4.537942420000000254e+00
4.467508729999999595e+00
4.901823669999999744e+00
4.719874439999999893e+00
4.572740809999999989e+00
4.621923429999999833e+00
4.442586620000000153e+00
5.426442569999999854e+00
4.588107159999999851e+00
4.508193140000000376e+00
4.931449800000000216e+00
4.786270059999999660e+00
5.212128139999999910e+00
4.852571659999999731e+00
4.416543510000000339e+00
4.635622159999999603e+00
4.625963890000000411e+00
4.911598620000000359e+00
4.805304620000000249e+00
4.436042519999999989e+00
5.325053650000000083e+00
4.415770369999999723e+00
4.523898919999999713e+00
4.528455959999999614e+00
4.779741829999999858e+00
4.897665769999999696e+00
4.610469410000000323e+00
4.813158819999999949e+00
4.505813169999999701e+00
4.527457019999999943e+00
4.676759910000000353e+00
4.551351640000000032e+00
4.436233370000000065e+00
4.615872099999999811e+00
4.689257020000000331e+00
4.585435150000000348e+00
4.607516509999999954e+00
4.654245470000000218e+00
4.746977420000000336e+00
4.578188199999999597e+00
4.745044230000000418e+00
4.617817819999999962e+00
5.047313830000000223e+00
4.552958829999999679e+00
4.637988629999999723e+00
4.561320339999999973e+00
4.614234040000000370e+00
4.591177469999999872e+00
4.440697880000000097e+00
4.603278880000000406e+00
4.511736860000000071e+00
4.491064830000000008e+00
4.479296680000000030e+00
4.483692109999999786e+00
4.439315279999999753e+00
4.613040129999999905e+00
4.434832730000000112e+00
4.406681039999999605e+00
4.547760030000000064e+00
4.363473810000000341e+00
4.498924709999999827e+00
4.534583510000000039e+00
4.290707410000000444e+00
4.436737080000000333e+00
4.382562199999999741e+00
4.304687969999999808e+00
4.283456759999999974e+00
4.306097079999999799e+00
4.195736750000000015e+00
4.180752420000000136e+00
4.229729019999999728e+00
4.128440760000000154e+00
4.303185580000000066e+00
4.172388970000000086e+00
4.132589069999999865e+00
4.189655750000000012e+00
4.143538679999999808e+00
4.183972009999999742e+00
4.105539389999999678e+00
4.160709960000000152e+00
4.059950500000000240e+00
4.052381269999999702e+00
4.219738119999999704e+00
4.162352710000000400e+00
4.157517320000000183e+00
4.100447049999999649e+00
4.204661050000000344e+00
4.267838679999999663e+00
4.248221509999999590e+00
4.102286399999999666e+00
4.144013959999999663e+00
4.277900619999999599e+00
4.168400410000000278e+00
4.197006359999999603e+00
4.176442960000000149e+00
4.288139359999999733e+00
4.201464879999999624e+00
4.180215569999999659e+00
4.230494720000000264e+00
4.190240919999999925e+00
4.290729480000000429e+00
4.173456599999999739e+00
4.407436289999999701e+00
4.284417559999999625e+00
4.175110959999999594e+00
4.185128119999999896e+00
4.412698070000000250e+00
4.385924990000000356e+00
4.296853089999999931e+00
4.327261919999999762e+00
4.264277489999999560e+00
4.305999869999999952e+00
4.464975360000000393e+00
4.347354529999999606e+00
4.468727740000000281e+00
4.385221350000000129e+00
4.441138170000000329e+00
4.359927230000000264e+00
4.365092220000000189e+00
4.200724570000000213e+00
4.062935999999999659e+00
3.324980469999999855e+00
3.161614750000000029e+00
3.103476049999999820e+00
2.784722079999999877e+00
2.781050270000000157e+00
2.492184749999999838e+00
2.995976279999999825e+00
2.926366890000000165e+00
2.891851470000000202e+00
2.404662940000000138e+00
2.788264980000000115e+00
2.382732269999999986e+00
2.248823530000000126e+00
2.612920219999999905e+00
2.335369120000000187e+00
2.472339910000000085e+00
2.322956029999999839e+00
2.535560879999999795e+00
2.449680770000000063e+00
2.208902240000000017e+00
2.032873830000000215e+00
2.325392780000000048e+00
2.227824389999999877e+00
2.130524180000000101e+00
2.009819770000000005e+00
1.965992069999999980e+00
2.031245980000000007e+00
2.362927229999999934e+00
1.671164450000000024e+00
1.875159290000000034e+00
2.221464709999999787e+00
1.948809550000000002e+00
1.730948530000000041e+00
2.135914899999999950e+00
1.923531600000000008e+00
1.723299249999999949e+00
2.089145719999999873e+00
1.962374419999999953e+00
1.716420220000000052e+00
2.641188109999999867e+00
2.018644329999999876e+00
2.389172320000000127e+00
1.987147329999999990e+00
2.391752579999999906e+00
1.899141140000000005e+00
2.162741039999999781e+00
1.922932040000000065e+00
1.720698239999999934e+00
1.994802849999999905e+00
1.890540110000000107e+00
2.390495870000000078e+00
2.083501200000000164e+00
2.191009230000000141e+00
1.705492650000000054e+00
1.996828669999999972e+00
2.044154030000000066e+00
2.263217560000000184e+00
1.989285760000000014e+00
1.534049130000000094e+00
1.897290949999999921e+00
1.631273259999999947e+00
2.015174079999999979e+00
1.704692590000000063e+00
1.808410669999999998e+00
1.811403569999999963e+00
2.239886709999999947e+00
1.963911060000000042e+00
1.918127769999999899e+00
1.933928400000000103e+00
2.243224140000000144e+00
2.013235229999999820e+00
1.900501070000000015e+00
1.868079639999999930e+00
1.891715830000000098e+00
2.233691620000000100e+00
2.085634849999999929e+00
2.311692419999999970e+00
1.992890569999999917e+00
1.945000330000000055e+00
1.726687950000000082e+00
1.967151780000000016e+00
1.999302069999999931e+00
2.186289560000000076e+00
2.060615630000000031e+00
2.256994489999999853e+00
1.748425520000000066e+00
2.192600399999999894e+00
1.705035120000000015e+00
2.155867080000000158e+00
1.915400369999999963e+00
2.006938930000000010e+00
2.248610760000000042e+00
2.215198710000000126e+00
1.963169160000000080e+00
2.230854970000000215e+00
2.245656630000000042e+00
2.199773609999999824e+00
2.271961440000000110e+00
2.099142249999999876e+00
2.133368420000000043e+00
1.924038439999999905e+00
2.076573799999999803e+00
2.148898009999999914e+00
2.152608229999999789e+00
2.091689590000000099e+00
2.087195770000000117e+00
2.063673599999999997e+00
2.222659499999999788e+00
2.040441250000000206e+00
2.039825679999999863e+00
2.250437760000000065e+00
1.817496020000000101e+00
2.045955119999999905e+00
1.864569240000000017e+00
1.957583239999999947e+00
1.724713539999999989e+00
2.094725720000000013e+00
2.161657679999999804e+00
1.721358509999999953e+00
1.973566560000000081e+00
1.688844460000000103e+00
1.398921749999999964e+00
1.283381990000000084e+00
1.362517629999999924e+00
1.216210140000000051e+00
1.354985780000000029e+00
1.705650000000000110e+00
1.085533400000000093e+00
1.075786700000000096e+00
1.293004449999999972e+00
1.332860399999999945e+00
1.265655999999999892e+00
1.535284089999999990e+00
1.259925240000000057e+00
1.508336810000000083e+00
1.162573859999999959e+00
1.615998459999999914e+00
1.413037230000000033e+00
1.254774630000000002e+00
1.223851470000000052e+00
1.436746789999999940e+00
1.223865280000000055e+00
9.478206139999999502e-01
9.887505410000000383e-01
1.075378420000000057e+00
1.248064330000000055e+00
1.442182929999999974e+00
1.073703719999999917e+00
1.304194099999999912e+00
1.185567370000000009e+00
1.454845740000000109e+00
1.202894549999999896e+00
1.276982459999999930e+00
1.362184770000000045e+00
1.330820920000000074e+00
1.505167279999999996e+00
1.128741060000000074e+00
1.069574699999999989e+00
1.082409570000000043e+00
1.099199489999999946e+00
1.533096339999999946e+00
1.586920190000000064e+00
1.435325160000000100e+00
1.281919379999999942e+00
1.124281370000000058e+00
1.442555980000000071e+00
1.351015209999999911e+00
1.249088409999999927e+00
1.346690369999999914e+00
9.990954800000000358e-01
1.086092870000000099e+00
1.210788329999999968e+00
1.417005679999999934e+00
1.263815279999999985e+00
1.030908160000000073e+00
1.122047800000000040e+00
1.218257839999999925e+00
8.736740299999999904e-01
1.250561999999999951e+00
1.236258599999999985e+00
1.303127420000000036e+00
1.155261349999999965e+00
8.000222569999999589e-01
1.038158179999999930e+00
1.138483520000000082e+00
1.169245139999999905e+00
1.290994919999999935e+00
1.334216929999999968e+00
1.549293489999999940e+00
1.573244539999999914e+00
1.359057240000000055e+00
1.447888190000000019e+00
1.237715920000000080e+00
1.327252120000000035e+00
1.074408699999999994e+00
1.264812470000000078e+00
1.054414589999999929e+00
9.674891230000000064e-01
8.035928519999999686e-01
1.266565010000000102e+00
1.074947880000000078e+00
1.051490749999999919e+00
1.117940179999999950e+00
1.054728099999999946e+00
1.276543669999999908e+00
9.763936890000000091e-01
1.039022370000000084e+00
9.967831900000000411e-01
1.079070779999999896e+00
1.123966760000000065e+00
1.009713150000000059e+00
1.005800639999999913e+00
1.126137909999999964e+00
6.763601209999999808e-01
1.049971769999999971e+00
8.637326730000000063e-01
7.867290169999999749e-01
6.173937910000000251e-01
5.017275490000000504e-01
8.158975370000000060e-01
5.742606239999999973e-01
8.196039000000000518e-01
5.494113680000000111e-01
4.267129270000000196e-01
5.182800109999999849e-01
1.587807850000000076e-01
3.500997140000000063e-01
2.142533709999999980e-01
1.894078999999999902e-01
4.228607650000000273e-01
4.081176550000000236e-01
2.080111679999999963e-01
3.817916310000000202e-01
1.728378279999999989e-01
2.056821530000000064e-01
1.277503789999999972e-01
2.873975289999999849e-01
2.492253690000000022e-01
2.556643510000000119e-01
5.745035700000000051e-02
1.040056439999999943e-01
8.933802829999999695e-02
4.856189119999999859e-02
1.755548710000000012e-01
1.337651980000000018e-01
3.361958439999999937e-02
4.298659529999999951e-02
5.399246270000000042e-02
6.254010340000000501e-02
5.359468139999999658e-02
1.045761479999999938e-01
4.213207549999999774e-02
5.121110389999999901e-02
4.144888850000000291e-02
4.401877380000000090e-02
2.373969819999999925e-02
3.519323779999999902e-02
2.322672250000000146e-02
2.538685679999999958e-02
4.488514739999999864e-02
2.459219080000000016e-02
2.958320650000000052e-02
1.580723859999999883e-02
1.850648889999999963e-02
2.541170229999999836e-02
4.526304610000000256e-02
2.350287330000000105e-02
2.697267839999999833e-02
1.521597979999999954e-02
7.142315580000000060e-03
1.179030820000000028e-02
1.669314109999999948e-02
9.854594439999999483e-03
1.446112580000000029e-02
9.328097109999999165e-03
1.030163809999999971e-02
8.965141450000000192e-03
6.134548469999999941e-03
4.834675380000000300e-03
4.745185419999999911e-03
7.067261009999999989e-03
7.113280480000000287e-03
2.355145989999999842e-03
5.580380999999999710e-03
3.336044010000000209e-03
3.290351170000000141e-03
3.600531890000000044e-03
3.219321409999999911e-03
8.271389029999999531e-03
5.696961759999999951e-03
2.276634159999999830e-03
2.332847669999999797e-03
1.463516590000000020e-03
1.738783150000000090e-03
7.969388799999999398e-03
1.975643369999999840e-03
4.202605580000000167e-03
1.036959849999999914e-03
6.157489799999999770e-03
4.545004850000000131e-03
4.986623709999999689e-03
5.453228880000000021e-03
8.013733410000000194e-04
1.393673769999999963e-03
6.955498250000000148e-04
3.936279029999999873e-03
9.052262550000000343e-04
7.760778320000000534e-04
3.084241489999999929e-03
9.073191539999999992e-04
2.617212370000000093e-03
8.292057440000000224e-04
3.171559129999999924e-03
2.272628860000000094e-03
1.063391109999999896e-03
1.220286550000000084e-03
1.675500959999999973e-03
2.234939100000000057e-03
1.639464530000000033e-03
2.174089839999999822e-03
2.449414170000000206e-03
8.345504029999999997e-04
7.913432100000000443e-04
2.526776520000000199e-03
1.854289529999999901e-03
9.559721239999999665e-04
1.138663550000000016e-03
2.162258030000000116e-03
1.735494190000000077e-03
2.940534380000000073e-03
4.450362290000000058e-04
2.746863820000000189e-03
2.659075019999999814e-03
2.343692689999999929e-03
7.463529359999999859e-04
1.202913280000000081e-03
1.587820509999999900e-03
7.804490820000000058e-04
9.486468110000000498e-04
1.195848000000000006e-03
2.482144539999999941e-03
1.003217199999999892e-03
1.719935589999999938e-03
1.910047790000000099e-03
5.993197079999999484e-04
3.838740130000000122e-03
2.355221959999999858e-03
1.548056280000000094e-03
3.604649570000000025e-03
2.112931230000000132e-03
1.806189620000000053e-03
2.193220290000000208e-03
2.219965200000000027e-03
2.885864540000000148e-03
2.190487789999999955e-03
1.193190169999999977e-03
1.671349959999999992e-03
3.466031100000000094e-03
8.403212779999999667e-04
3.314903799999999851e-04
2.329513090000000144e-03
1.051129019999999959e-03
8.713909980000000138e-04
1.770315859999999986e-03
1.919939880000000017e-03
1.674916619999999943e-03
1.118271809999999908e-03
1.134348990000000031e-03
1.199871259999999969e-03
1.556590199999999908e-03
2.734376970000000195e-03
3.758029630000000055e-04
7.428359120000000001e-04
6.429021429999999624e-04
1.554859459999999912e-03
5.973262499999999970e-04
2.725997930000000264e-04
1.319721619999999953e-03
1.770679849999999902e-03
1.141974220000000016e-03
7.191846849999999642e-04
1.017698179999999971e-03
2.790526870000000197e-03
7.683986539999999865e-04
1.263636939999999986e-03
6.118480739999999625e-05
2.126594850000000116e-04
4.183142629999999994e-05
1.410127730000000023e-05
1.146150179999999954e-04
2.736663820000000035e-05
6.831981850000000335e-05
2.307363589999999898e-05
3.021449679999999870e-05
5.753620199999999858e-06
1.764760469999999908e-05
1.406906180000000071e-04
1.209144640000000040e-04
5.586831310000000227e-05
3.355432549999999797e-05
3.826668869999999914e-05
6.652353569999999792e-05
1.845724229999999978e-05
1.345435060000000068e-05
1.057531420000000039e-04
2.099650299999999950e-05
7.487264929999999413e-05
1.532556689999999922e-05
2.043234409999999948e-05
9.480939960000000089e-05
2.205900070000000132e-05
3.829210910000000178e-05
9.183479320000000111e-05
1.078417939999999983e-05
2.164134700000000088e-05
2.326733550000000043e-05
4.344377470000000251e-05
2.764997999999999984e-05
1.133270699999999992e-05
2.622846149999999936e-05
1.581326460000000104e-05
2.147171480000000093e-05
7.643785350000000499e-05
1.038654930000000011e-05
2.665614690000000077e-05
3.858357410000000154e-05
4.825804779999999579e-06
2.093874710000000013e-05
4.752102040000000238e-05
2.766976720000000021e-05
6.723832869999999404e-05
2.016683020000000005e-05
1.417874140000000055e-05
1.096425289999999918e-05
1.448629700000000067e-05
8.544510329999999244e-06
1.231627340000000021e-05
1.652029589999999914e-05
5.131307250000000320e-05
2.802840759999999964e-05
5.671114550000000270e-06
8.712683169999999331e-06
8.468420479999999852e-06
1.254348380000000079e-05
3.331841769999999706e-05
2.455022610000000025e-05
2.793378600000000100e-06
3.102435750000000021e-06
1.809228970000000073e-05
1.980519339999999863e-05
1.378639270000000004e-05
1.310076560000000057e-05
8.954443779999999336e-06
2.022295499999999957e-05
2.769177659999999869e-05
1.210787350000000059e-05
4.654943179999999615e-06
1.218239019999999963e-05
6.100644299999999848e-06
1.106776609999999957e-05
8.155821540000000541e-06
8.213266789999999802e-06
1.233412070000000033e-05
1.012422679999999937e-05
9.399419449999999357e-06
1.721812459999999897e-05
1.888528120000000152e-05
1.855264149999999939e-05
1.102743189999999975e-05
2.535346239999999957e-05
1.378341690000000078e-05
1.465450280000000004e-05
1.525854749999999962e-05
1.885293419999999992e-05
7.370485460000000186e-06
6.195627929999999908e-06
3.501722939999999984e-05
3.401982179999999941e-05
2.048403660000000051e-05
2.057110580000000015e-05
2.454491849999999833e-06
2.189843300000000139e-06
1.262927259999999922e-05
2.428822119999999964e-05
1.358659449999999960e-05
1.664408139999999989e-05
4.678158590000000295e-06
1.670715780000000012e-05
1.463219839999999955e-05
1.011219129999999971e-05
9.931691510000000041e-06
1.393220089999999966e-05
2.258725860000000116e-05
6.784283170000000142e-06
1.125196590000000040e-05
6.692600430000000171e-06
1.645249660000000082e-05
7.212877390000000364e-06
5.148006530000000276e-06
2.219092850000000175e-06
1.775081329999999991e-05
5.420470450000000194e-06
1.233648049999999953e-05
6.860425239999999650e-06
1.572847069999999944e-05
3.090362900000000190e-06
2.016393150000000137e-05
8.847138479999999366e-06
3.375908090000000171e-07
5.639111080000000075e-08
1.909669160000000050e-06
1.608056450000000001e-07
1.178974880000000080e-05
1.945998240000000056e-07
3.936526559999999809e-07
1.697612699999999966e-06
9.005430080000000481e-07
1.079503849999999946e-05
2.513817129999999853e-07
3.760102649999999985e-07
8.481209710000000286e-07
3.869296229999999935e-07
1.026221350000000040e-07
5.322906790000000383e-07
1.333202470000000013e-07
1.159100149999999958e-06
7.727771350000000515e-08
1.078233299999999994e-06
4.028758250000000142e-07
9.874517760000000545e-08
2.081889729999999937e-07
5.986074179999999890e-07
1.370196369999999988e-06
1.675420780000000080e-06
1.225804609999999972e-06
4.573299049999999634e-06
2.659294790000000155e-07
2.834669459999999905e-06
1.250357120000000016e-06
2.038971320000000023e-06
2.788233850000000016e-06
4.795995739999999699e-06
3.912547909999999749e-07
1.053364300000000038e-06
2.230429799999999958e-06
1.249538050000000024e-06
2.278024619999999990e-07
4.833335510000000230e-06
2.779184710000000021e-07
7.014703990000000385e-08
2.183068239999999889e-06
1.219361030000000012e-06
8.929932909999999781e-07
5.348080990000000378e-06
6.483752369999999671e-07
4.595771729999999842e-06
3.070473899999999845e-06
1.373377029999999953e-06
1.074092010000000043e-06
7.499413570000000030e-07
2.707602259999999859e-06
2.410195939999999906e-06
1.040938209999999968e-06
2.841360000000000185e-06
5.657904089999999875e-06
1.385280719999999960e-05
3.555720579999999800e-06
8.616616370000000101e-07
1.942559859999999914e-06
1.195638009999999980e-05
7.996098010000000597e-06
6.335477000000000159e-06
2.646778460000000013e-05
1.409881389999999961e-05
5.742731429999999966e-06
2.695310020000000191e-06
4.709105689999999618e-06
2.715056970000000034e-06
1.316988260000000030e-06
5.177836320000000251e-06
8.538755109999999887e-07
5.301120029999999974e-06
5.739837430000000125e-06
7.747582700000000506e-06
5.817292019999999618e-06
2.791697169999999995e-06
5.068038179999999596e-06
2.511494470000000067e-06
1.610493479999999935e-06
2.485629890000000187e-06
7.862946710000000806e-06
7.561923960000000064e-06
7.515980190000000047e-06
9.508642619999999919e-06
5.456606599999999786e-06
2.784585180000000014e-06
1.344934440000000026e-06
8.308576140000000645e-06
6.950095000000000243e-06
5.030071269999999673e-06
2.800404459999999988e-06
1.466177110000000016e-06
7.961674059999999860e-06
4.515903069999999739e-06
9.544586740000000666e-06
2.956473139999999959e-06
2.690204750000000173e-06
9.308301089999999816e-06
1.338197650000000067e-05
1.084899589999999975e-05
1.344284570000000046e-05
3.638725740000000190e-06
5.620641990000000088e-06
4.742779690000000373e-06
3.679845170000000068e-06
5.984494340000000267e-06
4.320356270000000150e-06
1.718353430000000022e-05
8.854343290000000203e-06
7.265393950000000217e-06
4.997713090000000286e-06
1.163471170000000027e-05
5.371032720000000013e-06
5.295367669999999981e-06
1.094763659999999979e-05
1.567624659999999957e-05
7.025405900000000336e-06
7.775368459999999643e-06
1.720169770000000138e-05
1.815692859999999973e-06
6.932043309999999639e-06
1.451894880000000001e-05
1.112071259999999922e-05
7.138520879999999857e-06
1.485726899999999939e-05
1.537645170000000148e-05
2.316483939999999862e-05
6.121599859999999886e-06
1.084644410000000034e-05
3.165892850000000156e-06
3.554706320000000090e-07
3.312622990000000046e-08
4.486926920000000008e-07
3.267894860000000181e-07
6.863306560000000292e-07
4.600919840000000255e-06
4.462526090000000035e-07
3.494429659999999969e-07
1.498359860000000000e-06
3.418488760000000062e-07
5.666346649999999673e-07
2.239173570000000144e-06
1.859530970000000053e-06
1.376251119999999992e-07
1.224668860000000014e-06
1.548699769999999898e-06
1.340375340000000026e-06
1.759152639999999967e-06
1.666548620000000027e-06
1.428919019999999952e-07
6.837171469999999580e-07
1.401791559999999949e-06
1.133731599999999903e-06
3.026588759999999841e-06
4.057264029999999957e-07
1.924551710000000126e-06
1.470666269999999995e-06
5.502267270000000098e-07
4.301476669999999780e-07
1.001176640000000010e-06
5.301137399999999880e-07
1.955032330000000091e-06
3.062185690000000062e-06
7.060987929999999869e-06
1.219328520000000031e-06
6.475276000000000046e-07
1.259920189999999970e-06
2.855840759999999880e-06
4.299921380000000168e-06
2.920148039999999990e-06
3.016671159999999840e-06
7.522302920000000387e-06
4.891989529999999843e-06
1.276369639999999952e-06
1.865176620000000051e-06
1.798968799999999956e-06
3.075643249999999803e-06
1.962474299999999792e-06
2.846971590000000085e-06
1.536437900000000071e-06
5.740162969999999832e-06
4.408408509999999750e-06
1.749286449999999897e-06
6.759092130000000258e-07
1.538410520000000003e-06
3.008586010000000160e-06
2.149717080000000057e-06
2.955226980000000136e-06
3.475309829999999869e-06
2.628859679999999789e-06
3.639274080000000033e-06
2.567143029999999977e-06
2.319028039999999806e-06
1.964086759999999795e-06
9.840574449999999286e-07
4.009069800000000114e-07
9.331573759999999571e-08
9.080916689999999933e-07
4.769091179999999772e-07
2.854394450000000133e-06
5.540589529999999867e-06
3.096802529999999797e-06
4.585493630000000371e-06
1.900277600000000102e-06
1.498510179999999954e-07
2.272710650000000148e-08
4.429243769999999940e-08
1.168019389999999997e-08
9.089262290000000587e-08
1.236109369999999907e-07
1.094978710000000008e-07
1.120295080000000039e-06
3.439147109999999821e-06
1.631141260000000104e-06
3.845606730000000033e-07
2.213608160000000003e-08
6.529117529999999678e-08
1.088172939999999954e-07
6.052037229999999985e-08
8.879994529999999852e-08
6.419112749999999486e-08
1.056731129999999957e-07
1.357885039999999999e-07
1.415338930000000109e-07
3.832732199999999976e-07
6.389899159999999928e-07
8.996396900000000147e-07
1.168707530000000054e-07
1.864065910000000081e-07
2.014900920000000025e-07
3.126556799999999946e-07
3.537363440000000156e-07
1.405544470000000027e-08
1.290898620000000022e-07
3.361857249999999986e-07
3.623871560000000111e-07
1.394686330000000084e-07
4.559193800000000229e-08
4.057400609999999886e-07
2.225335529999999925e-07
1.888036440000000014e-06
5.497819880000000020e-07
4.857752819999999846e-07
4.311472730000000003e-07
6.869495040000000474e-07
1.357304660000000080e-06
6.724340269999999900e-07
3.673853649999999779e-07
3.736496220000000192e-08
8.314884000000000090e-08
2.424750819999999855e-07
1.312915740000000091e-06
1.338249559999999948e-06
8.904411030000000023e-07
5.055486599999999804e-06
1.513894980000000025e-06
1.159232860000000036e-06
8.089269019999999635e-07
5.973619079999999830e-07
2.522159959999999988e-07
4.950029770000000246e-07
4.580159700000000135e-07
6.598475059999999751e-07
3.486369559999999996e-07
1.588468689999999942e-07
3.210921749999999739e-07
1.623239030000000103e-06
1.370673579999999941e-06
8.517726490000000370e-07
6.297089589999999745e-07
2.294114460000000131e-06
5.303496660000000295e-06
3.555670940000000149e-06
1.024263539999999965e-06
3.115700279999999831e-06
1.414989110000000100e-06
1.152242130000000103e-06
4.401219719999999851e-06
6.960176119999999642e-06
2.748871019999999965e-06
1.550648920000000031e-06
5.091032570000000244e-06
2.421768139999999883e-06
8.609043570000000153e-07
4.102045100000000087e-07
1.373825659999999994e-06
5.335256620000000164e-06
7.110771410000000012e-06
2.004006600000000011e-06
5.081327049999999609e-06
1.598535629999999890e-05
2.701459379999999920e-06
1.829820600000000016e-06
1.216483539999999922e-06
1.118906989999999939e-06
4.334415830000000415e-06
1.990566989999999950e-06
2.130688900000000169e-06
2.094389539999999975e-06
1.627598820000000050e-06
1.085795030000000019e-06
1.658997919999999991e-06
2.414699920000000070e-06
2.324339749999999907e-06
2.005798669999999968e-06
2.790476729999999875e-06
4.428585620000000185e-06
1.780601569999999921e-06
5.771350540000000073e-06
4.741487310000000177e-06
9.871335100000000525e-06
4.981055249999999713e-06
2.948818530000000131e-06
3.288932650000000034e-06
8.063800710000000019e-06
9.920855110000000173e-06
1.666550769999999991e-06
7.126954840000000202e-06
2.715109639999999877e-06
1.286168830000000079e-06
5.117497959999999931e-06
4.974619770000000124e-06
5.786354499999999895e-06
5.876798339999999698e-06
2.648574120000000075e-06
6.102551769999999983e-06
1.408716429999999924e-05
9.889972370000000535e-06
2.598056150000000128e-06
1.675002540000000051e-09
3.141574930000000268e-08
1.924250179999999901e-08
1.408636950000000000e-12
3.001074249999999883e-12
2.277808549999999935e-14
1.087312540000000047e-15
8.990046160000000904e-16
4.458872780000000106e-15
1.914396619999999925e-15
7.835850620000000397e-15
3.006342279999999843e-15
6.001901769999999646e-15
4.277806990000000233e-17
7.635449819999999888e-15
5.210023029999999655e-15
1.820787279999999849e-15
4.423102060000000149e-16
5.927279810000000376e-15
2.357745420000000137e-15
3.812537559999999869e-15
5.254720680000000193e-15
1.988196720000000041e-15
9.438875039999999368e-15
4.251157139999999961e-15
4.004548950000000150e-15
1.290978549999999951e-14
7.518158849999999294e-15
5.087298899999999855e-15
