#step e_adh e_adh_nonbond
0 -1405.67	-1407.41
100000 -2868.97	-1516.27
200000 -2785.25	-1497.24
300000 -2848	-1501.29
400000 -2770.43	-1486.84
500000 -2774.4	-1509.97
600000 -2868.43	-1509.27
700000 -2753.35	-1512.57
800000 -2904.12	-1494.33
900000 -2820.16	-1498.5
1000000 -2853.25	-1499.47
1100000 -2868.44	-1492.06
1200000 -2811.88	-1494.94
1300000 -2877.83	-1499.68
1400000 -2867.55	-1489.88
1500000 -2822.26	-1492.06
1600000 -2852.46	-1503.82
1700000 -2859.68	-1492.15
1800000 -2863.79	-1505.18
1900000 -2864.73	-1494.49
2000000 -2864.26	-1496.82
2100000 -2866.25	-1495.66
2200000 -2894.47	-1508.72
2300000 -2893.91	-1492.76
2400000 -2852.1	-1509.54
2500000 -2881.32	-1497.1
2600000 -2925.83	-1487.18
2700000 -2946.36	-1499.05
2800000 -2929.13	-1507.78
2900000 -2884.02	-1503.85
3000000 -2884.33	-1508.74
3100000 -2902.1	-1503.84
3200000 -2897.02	-1500.9
3300000 -2894.52	-1488.66
3400000 -2921.5	-1495.84
3500000 -2920.28	-1502.81
3600000 -2924.12	-1496.58
3700000 -2960.01	-1483.86
3800000 -2897.46	-1497.67
3900000 -2893.62	-1501.52
4000000 -2880.17	-1492.82
4100000 -2893.31	-1508.14
4200000 -2941.82	-1468.33
4300000 -2893.02	-1510.33
4400000 -2928.33	-1489.47
4500000 -2868.41	-1500.31
4600000 -2898.52	-1491.63
4700000 -2843.98	-1489.6
4800000 -2930.26	-1489.65
4900000 -2886.64	-1490.38
5000000 -2843.99	-1495.88
5100000 -2856.68	-1478.7
5200000 -2865.54	-1493.13
5300000 -2910.62	-1484.1
5400000 -2857.93	-1501.75
5500000 -2932.59	-1510.44
5600000 -2913.54	-1517.05
5700000 -2942.01	-1491.47
5800000 -2910.02	-1494.55
5900000 -2916.03	-1504.52
6000000 -2889.51	-1504.41
6100000 -2873.33	-1508.12
6200000 -2915.8	-1492.33
6300000 -2883.5	-1502.11
6400000 -2901.43	-1509.77
6500000 -2905.35	-1490.83
6600000 -2865.43	-1496.05
6700000 -2879.52	-1489.07
6800000 -2863.24	-1489.72
6900000 -2874.84	-1506.81
7000000 -2914.76	-1494.81
7100000 -2864.82	-1499.44
7200000 -2855.74	-1475.87
7300000 -2935.69	-1466.48
7400000 -3160.67	-1463.72
7500000 -3306.25	-1447.34
7600000 -3299.69	-1443.94
7700000 -3333.6	-1444.27
7800000 -3270.63	-1454.82
7900000 -3341.67	-1450.87
8000000 -3254.12	-1454.55
8100000 -3246.32	-1452.92
8200000 -3371.31	-1458.55
8300000 -3421.38	-1456.66
8400000 -3445.88	-1453.78
8500000 -3427.32	-1439.29
8600000 -3350.91	-1437.57
8700000 -3366.78	-1438.08
8800000 -3414.09	-1446.02
8900000 -3440.16	-1448.44
9000000 -3408.76	-1445.22
9100000 -3437.22	-1438.04
9200000 -3415.62	-1444.13
9300000 -3373.27	-1436.01
9400000 -3436.95	-1434.71
9500000 -3442.22	-1442.34
9600000 -3456.91	-1454.25
9700000 -3370.34	-1438.35
9800000 -3470.03	-1450.35
9900000 -3376.11	-1439.19
10000000 -3481.93	-1458.61
10100000 -3371.25	-1441.52
10200000 -3400.98	-1413.39
10300000 -3369.02	-1463.99
10400000 -3374.79	-1457.61
10500000 -3355.93	-1457.11
10600000 -3429.36	-1452.38
10700000 -3384.38	-1452.92
10800000 -3407.24	-1446.56
10900000 -3436.65	-1453.77
11000000 -3403.45	-1440.58
11100000 -3470.57	-1462.71
11200000 -3334.63	-1465.45
11300000 -3394.86	-1477.78
11400000 -3421.29	-1428.27
11500000 -3453.46	-1444.13
11600000 -3479.24	-1454.12
11700000 -3413.86	-1453.8
11800000 -3409.71	-1442.96
11900000 -3488.1	-1458.11
12000000 -3374.38	-1450.76
12100000 -3451.17	-1442.15
12200000 -3484.82	-1457.95
12300000 -3482.94	-1461.57
12400000 -3473.66	-1480.22
12500000 -3439.1	-1480.9
12600000 -3477.49	-1483.51
12700000 -3506.78	-1477.76
12800000 -3514.17	-1478.17
12900000 -3523.14	-1464.45
13000000 -3406.19	-1458.89
13100000 -3511.38	-1464.17
13200000 -3522.2	-1483.91
13300000 -3424.54	-1488.74
13400000 -3495.89	-1472.09
13500000 -3478.78	-1507.55
13600000 -3451.39	-1481.18
13700000 -3486.52	-1476.98
13800000 -3473.07	-1481.06
13900000 -3521.86	-1489.99
14000000 -3468	-1471.6
14100000 -3530	-1489.46
14200000 -3466.67	-1480.39
14300000 -3514.03	-1475.75
14400000 -3447.04	-1485.76
14500000 -3460.36	-1479.35
14600000 -3450.88	-1473.61
14700000 -3472.07	-1489.82
14800000 -3549.01	-1479.66
14900000 -3452.18	-1474.32
15000000 -3438.62	-1468.71
15100000 -3477.53	-1462.02
15200000 -3497.95	-1494.51
15300000 -3530.76	-1466.01
15400000 -3492.25	-1493.06
15500000 -3441.86	-1475.84
15600000 -3507.01	-1467.84
15700000 -3484.3	-1480.89
15800000 -3513.24	-1489.38
15900000 -3467.05	-1459.74
16000000 -3487.17	-1469.59
16100000 -3475.09	-1487.94
16200000 -3465.69	-1479.37
16300000 -3513.16	-1461.02
