#step e_adh e_adh_nonbond
0 -266.732	-266.732
100000 -1023.69	-277.423
200000 -1009.49	-270.902
300000 -1046.85	-273.782
400000 -1053.31	-267.852
500000 -1097.7	-246.63
600000 -1111.58	-256.577
700000 -1058.67	-269.458
800000 -1055.07	-262.241
900000 -1144.85	-259.586
1000000 -1211.66	-250.727
1100000 -1223.85	-260.272
1200000 -1176.03	-257.441
1300000 -1199.18	-257.088
1400000 -1238.67	-257.755
1500000 -1184.87	-268.664
1600000 -1257.2	-247.626
1700000 -1145.42	-263.35
1800000 -1237.79	-251.445
1900000 -1184.48	-253.403
2000000 -1218.68	-265.524
2100000 -1219.51	-265.028
2200000 -1222.57	-260.156
2300000 -1219.39	-262.71
2400000 -1246.54	-257.928
2500000 -1246.37	-259.884
2600000 -1230.02	-259.48
2700000 -1192.23	-272.233
2800000 -1235.18	-262.062
2900000 -1238.66	-258.29
3000000 -1199.82	-261.472
3100000 -1228.36	-263.027
3200000 -1199.55	-261.202
3300000 -1188.98	-266.735
3400000 -1193.01	-276.073
3500000 -1214.16	-254.375
3600000 -1214.97	-251.162
