#step e_adh e_adh_nonbond
0 -1443.16	-1443.17
100000 -4137.52	-1280.72
200000 -4371.51	-1252.14
300000 -4519.87	-1253.14
400000 -4540.07	-1240.95
500000 -4626.82	-1248.38
600000 -4988.67	-1251.23
700000 -5167.07	-1216.69
800000 -5283.67	-1231.69
900000 -5417.82	-1216.23
1000000 -5512.05	-1190.2
1100000 -5512.27	-1192.23
1200000 -5551.1	-1207.02
1300000 -5512.34	-1187.86
1400000 -5575.29	-1172.8
1500000 -5638.46	-1197.1
1600000 -5571.07	-1176.69
1700000 -5541.6	-1192.72
1800000 -5591.45	-1162.25
1900000 -5575.92	-1184.94
2000000 -5587.72	-1196.5
2100000 -5593.88	-1163.77
2200000 -5479.46	-1191.78
2300000 -5686.27	-1154.98
2400000 -5606.74	-1171.91
2500000 -5560.85	-1187.25
2600000 -5598.25	-1151.76
2700000 -5617.55	-1163.83
2800000 -5619.32	-1175.07
2900000 -5621.19	-1172.47
3000000 -5537	-1162.16
3100000 -5666.75	-1159.68
3200000 -5638.08	-1186.43
3300000 -5631.43	-1165.38
3400000 -5641.22	-1179.44
3500000 -5640.35	-1140.4
3600000 -5726.49	-1156.89
3700000 -5658.51	-1198.05
3800000 -5718.52	-1160.54
3900000 -5642.92	-1203.01
