#step e_adh e_adh_nonbond
0 -1273.81	-1273.81
100000 -3878.41	-795.83
200000 -3932.44	-757.87
300000 -3969.01	-783.01
400000 -4021.51	-741.13
500000 -3996.29	-748.29
600000 -4029.82	-733.49
700000 -4038.9	-760.6
800000 -4058.17	-749.04
900000 -4052.43	-751.77
1000000 -4045.7	-744.58
1100000 -4079.4	-748.83
1200000 -4039.29	-725.82
1300000 -4063.42	-763.29
1400000 -4020.14	-765.98
1500000 -4104.62	-762.01
1600000 -4036.65	-749.24
1700000 -4040.99	-756.3
1800000 -4113.86	-748.98
1900000 -4122.88	-725.61
2000000 -4076.35	-736.62
2100000 -3997.92	-762.04
2200000 -4098.03	-723.93
2300000 -4073.89	-759.34
