#step e_adh e_adh_nonbond
0 -1475.52	-1472.77
100000 -3780.18	-1285.27
200000 -3799.98	-1284.12
300000 -3734.25	-1246.26
400000 -3781.1	-1245.48
500000 -3769.79	-1279.22
600000 -3794.15	-1242.43
700000 -3814.49	-1247.66
800000 -3831.01	-1225.08
900000 -3831.45	-1230.75
1000000 -3848.84	-1239.73
1100000 -3892.82	-1238.38
1200000 -3888.67	-1232.27
1300000 -3874.93	-1217.87
1400000 -3897.49	-1231.83
1500000 -3869.22	-1228.12
1600000 -3866.64	-1234.14
1700000 -3826.66	-1216.36
1800000 -3881.08	-1258.88
1900000 -3910.97	-1245.19
2000000 -3876.02	-1239.6
2100000 -3858.36	-1234.65
2200000 -3850.25	-1222.74
2300000 -3802.08	-1224.34
2400000 -3876.36	-1235.48
2500000 -3918.58	-1231.17
2600000 -3879.18	-1229.17
2700000 -3845.87	-1216.51
2800000 -3863.89	-1233.13
2900000 -3851.98	-1225.14
3000000 -3818.13	-1254.77
3100000 -3871.98	-1208.65
3200000 -3900.69	-1238.01
3300000 -3865.43	-1206.72
3400000 -3861.55	-1233.86
3500000 -3796.89	-1240.81
3600000 -3863.13	-1231.86
3700000 -3855.72	-1214.92
3800000 -3809.75	-1215.66
3900000 -3925.96	-1210.76
4000000 -3830.56	-1245.67
4100000 -3838.13	-1224.4
4200000 -3880.2	-1255.83
4300000 -3848.16	-1215.92
4400000 -3807.79	-1226.6
4500000 -3840.95	-1201.99
4600000 -3872.38	-1217.35
4700000 -3959.93	-1237.12
4800000 -3970.36	-1245.87
4900000 -3995.36	-1221.48
5000000 -4010.39	-1183.41
5100000 -3918.77	-1212.94
5200000 -3941.01	-1217.29
5300000 -3912.33	-1245.07
5400000 -3922.25	-1227.36
5500000 -3889.89	-1250.55
5600000 -3901.71	-1222.27
5700000 -3828.77	-1227.99
5800000 -3887.35	-1263.22
5900000 -3862.61	-1222.39
6000000 -3945.34	-1219.34
6100000 -3924.15	-1234.27
6200000 -3975.76	-1225.83
6300000 -3858.01	-1237.89
6400000 -3950.7	-1235.4
6500000 -3957.24	-1219.97
6600000 -3936.97	-1238.23
6700000 -3943.96	-1234.4
6800000 -3869.03	-1228.81
6900000 -3871.01	-1248.33
7000000 -3905.03	-1208.65
7100000 -3821.72	-1213.75
7200000 -3820.36	-1189.22
7300000 -3889.54	-1181.2
7400000 -3959.71	-1199.63
7500000 -3926.28	-1232.67
7600000 -4027.04	-1218.72
7700000 -3950.37	-1206.66
7800000 -3976.48	-1229.7
7900000 -3949.66	-1190.94
8000000 -3987.62	-1203.52
8100000 -3911.33	-1200.56
8200000 -3942.98	-1192.32
8300000 -3896.07	-1230.85
8400000 -3969.07	-1205.5
8500000 -3986.67	-1175.39
8600000 -3922.92	-1225.81
8700000 -3897.41	-1214.44
8800000 -3923.6	-1222.98
8900000 -3919.71	-1182.87
9000000 -3881.49	-1223.18
9100000 -3928.75	-1217.33
9200000 -3939.08	-1207.42
9300000 -3996.39	-1167.35
9400000 -3964.88	-1205.78
9500000 -3977.69	-1192.77
9600000 -3949.9	-1207.3
9700000 -3970.27	-1193.1
9800000 -3944.58	-1196.44
9900000 -4019.01	-1189.42
10000000 -4008.11	-1198.41
10100000 -3917.37	-1231.88
10200000 -3905.12	-1190.42
10300000 -3956.58	-1148.92
10400000 -4026.8	-1199.87
10500000 -4072.2	-1184.73
10600000 -3976.34	-1220.86
10700000 -3994.35	-1212.47
10800000 -3954.55	-1206.01
10900000 -4020.48	-1206.07
11000000 -3939.05	-1186.14
11100000 -3990.75	-1210.31
11200000 -4111.51	-1190.4
11300000 -3997.18	-1141.56
11400000 -4126.72	-1192.24
11500000 -4083.33	-1187.87
11600000 -4038.38	-1209.76
11700000 -4078.67	-1202.66
11800000 -4060.07	-1181.34
11900000 -4044.73	-1156.4
12000000 -4113.42	-1201.11
12100000 -4026.74	-1232.45
12200000 -4076.92	-1239.6
12300000 -4072	-1226.58
12400000 -4110.44	-1239.83
12500000 -4111.15	-1242.59
12600000 -4113.88	-1234.34
12700000 -4118.94	-1237.01
12800000 -4141.31	-1255.89
12900000 -4098.87	-1230.78
13000000 -4045.56	-1239.89
13100000 -4191.81	-1219.34
13200000 -4134.8	-1206.24
13300000 -4152.64	-1217
13400000 -4179.8	-1221.66
13500000 -4115.03	-1226.38
13600000 -4112.32	-1211.59
13700000 -4169.46	-1242.02
13800000 -4172.66	-1208.22
13900000 -4165.59	-1222.59
14000000 -4235.61	-1222.56
14100000 -4118.97	-1215.52
14200000 -4191.29	-1241.57
14300000 -4243.25	-1201.24
14400000 -4220.48	-1186.98
14500000 -4203.52	-1204.27
14600000 -4191.71	-1200.64
14700000 -4145.44	-1226.62
14800000 -4115.64	-1204.56
14900000 -4180.57	-1220.82
15000000 -4203.92	-1200.8
15100000 -4166.93	-1220.74
15200000 -4232.84	-1205.38
15300000 -4207.75	-1216.1
15400000 -4147.82	-1210.7
15500000 -4140.84	-1224.63
15600000 -4165.69	-1215.6
15700000 -4149.09	-1241.15
15800000 -4180.88	-1210.14
15900000 -4168.46	-1215.97
16000000 -4114.39	-1227.79
16100000 -4167.29	-1229.44
16200000 -4146.29	-1204.75
