#step e_adh e_adh_nonbond
0 -1982.65	-1982.65
100000 -6300.23	-1925.64
200000 -6649.09	-1820.82
300000 -6700.39	-1817.65
400000 -6748.6	-1813.15
500000 -6723.34	-1759.26
600000 -6768.82	-1807.31
700000 -6750.78	-1810.25
800000 -6770.66	-1807.66
900000 -6886.65	-1782.64
1000000 -6965.27	-1770.73
1100000 -6933.56	-1814.3
1200000 -6905.51	-1758.86
1300000 -6966.05	-1807.96
1400000 -6859.81	-1740.03
1500000 -6997.49	-1779.92
1600000 -6950.03	-1704.31
1700000 -6955.36	-1728.78
1800000 -6936.47	-1734.54
1900000 -6974.43	-1680.25
2000000 -6964.55	-1717.55
