#step e_adh e_adh_nonbond
0 -287.536	-287.536
100000 -806.531	-239.469
200000 -935.065	-210.964
300000 -990.326	-210.713
400000 -1008.39	-208.709
500000 -1027.9	-211.569
600000 -1021.18	-193.685
700000 -994.422	-183.495
800000 -999.031	-205.855
900000 -1015.67	-186.962
1000000 -981.142	-211.85
1100000 -1006.86	-200.913
1200000 -1019.26	-178.66
1300000 -998.971	-189.113
1400000 -1007.61	-202.033
1500000 -985.646	-192.209
1600000 -989.855	-206.239
1700000 -989.65	-204.362
1800000 -1018.81	-191.111
1900000 -1003.06	-209.449
2000000 -1032.2	-183.014
2100000 -1001.21	-181.517
2200000 -1055.78	-202.813
2300000 -1011.2	-193.557
2400000 -1015.2	-198.426
2500000 -1019.96	-183.218
2600000 -995.738	-207.201
2700000 -1006.91	-189.546
2800000 -1002.15	-192.015
2900000 -1012.39	-206.086
3000000 -1009.11	-209.41
3100000 -1004.43	-204.087
3200000 -1018.33	-191.094
3300000 -1034.18	-178.96
3400000 -1042.97	-185.813
3500000 -1013.97	-193.288
