#step e_adh e_adh_nonbond
0 -2349.69	-2349.69
100000 -4472.14	-2674.59
200000 -4947.94	-2613.94
300000 -5728.87	-2441.96
400000 -5927.71	-2413.72
500000 -5911.01	-2423.93
600000 -5991.81	-2390.55
700000 -6127.21	-2386.54
800000 -6390.05	-2312.11
900000 -6652.77	-2279.65
1000000 -6645.84	-2278.73
1100000 -6601.95	-2285.33
1200000 -6733.7	-2267.11
1300000 -6718.91	-2235.85
1400000 -6762.05	-2225.73
1500000 -6667.97	-2254.96
1600000 -6682.59	-2284.43
1700000 -6843.41	-2245.15
1800000 -6808.39	-2255.81
1900000 -6803.66	-2252.1
2000000 -6819.22	-2262.23
2100000 -6844.59	-2240.32
2200000 -6828.54	-2211.33
2300000 -6856.37	-2237.26
2400000 -6964.56	-2224.74
2500000 -7084.3	-2223.46
2600000 -7180.46	-2213.29
2700000 -7184.1	-2201.28
2800000 -7168.29	-2225.43
2900000 -7171.71	-2232.23
3000000 -7217	-2184.51
3100000 -7130.11	-2211.81
3200000 -7176.28	-2196.92
3300000 -7186.24	-2221.83
3400000 -7194.35	-2215.09
3500000 -7246.59	-2185.81
3600000 -7228.91	-2197.57
3700000 -7300.29	-2189.73
3800000 -7232.31	-2191.17
3900000 -7258.05	-2184.74
4000000 -7219.77	-2178.27
4100000 -7301.6	-2165.34
4200000 -7301.37	-2173.23
4300000 -7197.03	-2191.39
4400000 -7162.29	-2170.63
4500000 -7266.12	-2149.32
4600000 -7330.3	-2168.4
