#step e_adh e_adh_nonbond
0 -2502.81	-2503.71
100000 -7885.14	-1662.42
200000 -7871.63	-1639.82
300000 -7974.46	-1649.25
400000 -7978.43	-1639.72
500000 -8033.74	-1662.79
600000 -7982.83	-1633.92
700000 -7930.36	-1660.44
800000 -7995.69	-1625.95
900000 -7994.7	-1643.83
1000000 -7949.45	-1655.44
1100000 -7938.18	-1610.48
1200000 -8170.07	-1578.9
1300000 -8120.39	-1589.39
1400000 -8117.11	-1584.08
1500000 -8153.72	-1597.32
1600000 -8146.47	-1613.46
1700000 -8227.49	-1588.17
1800000 -8122.3	-1597.96
1900000 -8252.35	-1522.57
2000000 -8132.03	-1548.99
2100000 -8130.12	-1598.86
