#step e_adh e_adh_nonbond
0 -2813.87	-2813.87
100000 -10535.9	-1803.29
200000 -11045.9	-1711.57
300000 -11036.6	-1693.11
400000 -11071.4	-1683.65
500000 -11075	-1646.88
600000 -11081.8	-1642.05
700000 -11059.6	-1659.06
800000 -11022.5	-1661.89
900000 -11008	-1676.95
1000000 -11102.9	-1679.2
1100000 -11095.7	-1647.37
1200000 -11186.3	-1690.32
1300000 -11111	-1632.17
1400000 -10946.1	-1731.3
1500000 -11051.1	-1650.78
1600000 -11046.9	-1687.94
1700000 -11002.7	-1667.95
1800000 -11141.5	-1628.25
1900000 -11088.7	-1699.94
2000000 -11002	-1729.62
2100000 -11103.1	-1665.77
2200000 -11134.1	-1655.61
2300000 -11073	-1666.65
2400000 -11053.3	-1675.1
2500000 -11055.1	-1686.77
2600000 -11054.1	-1721.86
2700000 -11055.8	-1661.59
2800000 -11068.5	-1692.89
2900000 -11033.3	-1679.95
3000000 -11024.9	-1711.72
3100000 -11074.6	-1721.14
3200000 -11100.2	-1690.87
3300000 -11077.1	-1665.16
3400000 -11099.1	-1641.6
3500000 -11162.5	-1650.16
3600000 -11095.4	-1668.38
3700000 -11051	-1651.19
3800000 -11063.5	-1642.1
3900000 -11092.4	-1691.22
4000000 -11084.2	-1700.78
4100000 -11045.5	-1727.82
4200000 -11069.5	-1705.61
4300000 -11013.5	-1689.68
