  5 73  1  0.5000   20.0   100.0     !N-Si-Si angle
  5 73  2  0.5000   1.0     40.0
  5 73  3  0.0500   0.5     8.0
  5 73  5  0.2500   0.01    4.0
  5 73  7  0.1000   1.04    3.0
  5 74  1  0.5000   20.0   100.0     !N-Si-N angle
  5 74  2  0.5000   1.0     40.0
  5 74  3  0.0500   0.5     8.0
  5 74  5  0.2500   0.01    4.0
  5 74  7  0.1000   1.04    3.0
  5 76  1  0.5000   20.0   100.0     !Si-N-Si angle
  5 76  2  0.5000   1.0     40.0
  5 76  3  0.0500   0.5     8.0
  5 76  5  0.2500   0.01    4.0
  5 76  7  0.1000   1.04    3.0
  5 77  1  0.5000   20.0   100.0     !H-Si-N angle
  5 77  2  0.5000   1.0     40.0
  5 77  3  0.0500   0.5     8.0
  5 77  5  0.2500   0.01    4.0
  5 77  7  0.1000   1.04    3.0
  5 78  1  0.5000   20.0   100.0     !H-N-Si angle
  5 78  2  0.5000   1.0     40.0
  5 78  3  0.0500   0.5     8.0
  5 78  5  0.2500   0.01    4.0
  5 78  7  0.1000   1.04    3.0
  5 79  1  0.5000   20.0   100.0     !N-N-Si angle
  5 79  2  0.5000   1.0     40.0
  5 79  3  0.0500   0.5     8.0
  5 79  5  0.2500   0.01    4.0
  5 79  7  0.1000   1.04    3.0
  3 19  1  1.0000   50.0  250.0      !Si-N bond
  3 19  2  2.5000   00.1  250.0
  3 19  4  0.0050    1.0  -1.0
  3 19  8  0.0050  0.100  1.000
  3 19  9  0.0050  0.000  21.000
  3 19 10  0.0050  -0.03  -0.45
  3 19 11  0.0050   4.50 17.50
  3 19 13  0.0020  -0.03  -0.15
  3 19 14  0.0020   4.50  9.50
  4 12  1  0.0050   0.025   0.20     !Si-N off-diagonal
  4 12  2  0.0050   1.40    2.50
  4 12  3  0.0050   10.00   14.00
  4 12  4  0.0050   1.55    2.50
  4 12  5  0.0050   1.10    1.50
  5 83  1  0.5000   20.0   100.0     !N-C-Si angle
  5 83  2  0.5000   1.0     40.0
  5 83  3  0.0500   0.5     8.0
  5 83  5  0.2500   0.01    4.0
  5 83  7  0.1000   1.04    3.0
  5 84  1  0.5000   20.0   100.0     !C-N-Si angle
  5 84  2  0.5000   1.0     40.0
  5 84  3  0.0500   0.5     8.0
  5 84  5  0.2500   0.01    4.0
  5 84  7  0.1000   1.04    3.0
  5 85  1  0.5000   20.0   100.0     !C-Si-N angle
  5 85  2  0.5000   1.0     40.0
  5 85  3  0.0500   0.5     8.0
  5 85  5  0.2500   0.01    4.0
  5 85  7  0.1000   1.04    3.0
