#step e_adh e_adh_nonbond
0 -282.543	-282.284
100000 -742.286	-271.64
200000 -902.09	-237.441
300000 -891.206	-249.773
400000 -876.608	-249.399
500000 -906.189	-244.674
600000 -890.966	-245.558
700000 -893.053	-251.881
800000 -870.73	-235.872
900000 -903.961	-234.714
1000000 -889.25	-250.148
1100000 -900.656	-240.713
1200000 -918.234	-253.173
1300000 -918.49	-247.209
1400000 -878.336	-244.323
1500000 -904.148	-260.088
1600000 -877.869	-259.798
1700000 -912.949	-253.276
1800000 -902.838	-248.213
1900000 -912.058	-242.837
2000000 -869.012	-260.835
2100000 -896.972	-247.91
2200000 -903.167	-243.2
2300000 -893.651	-248.46
2400000 -874.61	-244.138
2500000 -898.502	-246.017
2600000 -879.414	-253.082
2700000 -881.105	-259.762
2800000 -887.817	-257.546
2900000 -893.529	-245.018
3000000 -875.632	-251.837
3100000 -901.05	-242.794
3200000 -919.689	-240.384
3300000 -929.973	-237.686
3400000 -908.836	-249.608
3500000 -891.843	-263.489
3600000 -877.807	-250.5
