#step e_adh e_adh_nonbond
0 -2818.26	-2818.26
100000 -10959.8	-1792.96
200000 -10983.8	-1711.75
300000 -10851.6	-1769.46
400000 -10853	-1788.05
500000 -10971.5	-1795.87
600000 -10886.6	-1821.83
700000 -11358.4	-1724.49
800000 -11498.8	-1667.06
900000 -11292	-1740.99
1000000 -11345.3	-1665.96
1100000 -11290.7	-1715.12
1200000 -11260.7	-1713.71
1300000 -11363.5	-1718.57
1400000 -11474.3	-1680.06
1500000 -11298.1	-1715.4
1600000 -11456.8	-1705.99
1700000 -11359.4	-1704.15
1800000 -11446.2	-1630.51
1900000 -11414.5	-1689.66
2000000 -11389.4	-1686.34
2100000 -11392.5	-1755.46
2200000 -11447.2	-1674.61
2300000 -11349.4	-1706.46
2400000 -11346.2	-1685.48
2500000 -11330.6	-1696.15
2600000 -11512.4	-1658.52
2700000 -11457.5	-1619.76
2800000 -11450.9	-1672.81
2900000 -11513.1	-1616.89
3000000 -11433.1	-1663.86
3100000 -11448	-1661.09
3200000 -11335.5	-1651.97
3300000 -11459.2	-1629.39
3400000 -11396.2	-1712.65
3500000 -11447.6	-1690.64
