#step e_adh e_adh_nonbond
0 -1255.4	-1186.43
100000 -1942.61	-1247.48
200000 -2015.93	-1234.28
300000 -2050.68	-1219.12
400000 -2018.14	-1235.16
500000 -1987.67	-1224.59
600000 -2046.92	-1223.22
700000 -2064.65	-1223.12
800000 -2097.35	-1232.64
900000 -2084.93	-1235.74
1000000 -2091.39	-1220.35
1100000 -2324.53	-1217.5
1200000 -2347.98	-1202.51
1300000 -2371.37	-1220.36
1400000 -2476.11	-1206.18
1500000 -2409.33	-1220.79
1600000 -2448.53	-1203.68
1700000 -2441.33	-1198.98
1800000 -2437.88	-1213.98
1900000 -2461.86	-1202.56
2000000 -2458.81	-1213.86
2100000 -2455.12	-1206.76
2200000 -2446.77	-1202.36
2300000 -2447.85	-1215.89
2400000 -2450.36	-1200.19
2500000 -2458.6	-1214
2600000 -2428.73	-1184.53
2700000 -2413.97	-1215.71
2800000 -2422.08	-1224.53
2900000 -2475.77	-1198.06
3000000 -2460.35	-1201.26
3100000 -2377.11	-1200.8
3200000 -2438.17	-1208.88
3300000 -2412.96	-1197.44
3400000 -2434.11	-1191.49
3500000 -2502.41	-1169.45
3600000 -2437.38	-1204.71
3700000 -2493.07	-1204.7
3800000 -2551.37	-1188.33
3900000 -2457.34	-1174.46
4000000 -2487.8	-1211.6
4100000 -2469.98	-1182.28
4200000 -2551.87	-1209.82
4300000 -2558.06	-1176.4
4400000 -2574.4	-1183.46
4500000 -2566.62	-1179.53
4600000 -2561.99	-1180.12
4700000 -2574.12	-1190.3
4800000 -2685.23	-1178.18
4900000 -2706.83	-1161.1
5000000 -2732.11	-1161.21
5100000 -2753.9	-1186.24
5200000 -2700.61	-1178.04
5300000 -2709.5	-1177.8
5400000 -2774.45	-1156.03
5500000 -2735.45	-1161.33
5600000 -2778.85	-1169.47
5700000 -2743.26	-1176.33
5800000 -2769.06	-1185.7
5900000 -2752.39	-1200.97
6000000 -2702.26	-1185.39
6100000 -2784.44	-1171.24
6200000 -2761.8	-1163.08
6300000 -2771.1	-1172.07
6400000 -2809.43	-1165.05
6500000 -2845.21	-1176.21
6600000 -2854.39	-1168.43
6700000 -2849.29	-1172.79
6800000 -2845.13	-1177.84
6900000 -2856.7	-1133.7
7000000 -2798.38	-1171.03
7100000 -2837.3	-1137.13
7200000 -2813.8	-1165.68
7300000 -2785.41	-1172.38
7400000 -2818.77	-1166.58
7500000 -2830.68	-1165.85
7600000 -2802.89	-1155.13
7700000 -2767.51	-1164.17
7800000 -2824	-1164.59
7900000 -2815.41	-1166.97
8000000 -2811.14	-1168.09
8100000 -2825.03	-1174.61
8200000 -2772.28	-1152.74
8300000 -2824.09	-1161.75
8400000 -2858.45	-1158.92
8500000 -2781.02	-1150.3
8600000 -2773.79	-1162.59
8700000 -2798.84	-1162.14
8800000 -2826.05	-1180.65
8900000 -2806.48	-1175.04
9000000 -2836.17	-1149.69
9100000 -2828.53	-1173.82
9200000 -2780.32	-1147.73
9300000 -2842.17	-1162.27
9400000 -2834.26	-1160.67
9500000 -2828.53	-1170.39
9600000 -2820.91	-1178.81
9700000 -2839.74	-1161.44
9800000 -2805.13	-1180.42
9900000 -2788.52	-1157.36
10000000 -2779.99	-1131.42
10100000 -2827.35	-1112.97
10200000 -2756.57	-1128.72
10300000 -2767.63	-1127.1
10400000 -2751.72	-1130.61
10500000 -2745.84	-1132.43
10600000 -2945.92	-1126.2
10700000 -2921.56	-1127.53
10800000 -2941.96	-1115.99
10900000 -2947.79	-1090.18
11000000 -3236.45	-1098.08
11100000 -3243.67	-1088.5
11200000 -3228.83	-1087.71
11300000 -3212.61	-1087.91
11400000 -3364.61	-1074.06
11500000 -3289.83	-1092.69
11600000 -3311.55	-1091.18
11700000 -3404.83	-1094.44
11800000 -3382.04	-1077.84
11900000 -3397.91	-1059.61
12000000 -3411.5	-1087.12
12100000 -3374.25	-1078.33
12200000 -3370.37	-1067.33
12300000 -3373.56	-1069.64
12400000 -3436.5	-1079.83
12500000 -3404.01	-1066.77
12600000 -3355.87	-1071.75
12700000 -3370.74	-1075.82
12800000 -3356.44	-1071.66
12900000 -3353.44	-1069.71
13000000 -3416.09	-1069.84
13100000 -3416.79	-1089.79
13200000 -3375.73	-1079.4
13300000 -3376.64	-1076.61
13400000 -3391.17	-1053.21
13500000 -3388.69	-1065.74
13600000 -3428.27	-1073.93
13700000 -3354.8	-1077.32
13800000 -3403.21	-1056.85
13900000 -3353.63	-1082.89
14000000 -3384.72	-1077.08
14100000 -3382.28	-1081.75
14200000 -3426.29	-1081.32
14300000 -3442.42	-1065.48
14400000 -3439.26	-1086.91
14500000 -3423.13	-1113.58
14600000 -3439.84	-1080.71
14700000 -3423.81	-1079.52
14800000 -3478.9	-1093.65
14900000 -3471.78	-1094.74
15000000 -3419.85	-1095.13
15100000 -3524.59	-1062.27
15200000 -3421.55	-1096
15300000 -3424.06	-1098.03
15400000 -3432.99	-1090.38
15500000 -3409.94	-1098.67
15600000 -3444.2	-1073.29
15700000 -3540.51	-1071.34
15800000 -3551.81	-1086.64
15900000 -3514.54	-1087.95
16000000 -3521.37	-1095.53
16100000 -3531.27	-1120.77
16200000 -3559.85	-1101.64
