ATOMIC_POSITIONS angstrom
Pd 5.836 1.945 -3.891
Pd 7.781 0.000 -3.891
Pd 9.727 1.945 -3.891
Pd 0.000 3.891 -3.891
Pd 1.945 5.836 -3.891
Pd 3.891 3.891 -3.891
Pd 5.836 5.836 -3.891
Pd -0.000 -0.000 -3.891
Pd 7.781 3.891 -3.891
Pd 9.727 5.836 -3.891
Pd 0.000 7.781 -3.891
Pd 1.945 9.727 -3.891
Pd 1.945 1.945 -3.891
Pd 3.891 7.781 -3.891
Pd 5.836 9.727 -3.891
Pd 7.781 7.781 -3.891
Pd 9.727 9.727 -3.891
Pd 3.891 0.000 -3.891
Pd 3.855 1.938 -1.950
Pd 5.798 0.024 -1.959
Pd 7.746 1.966 -1.927
Pd 9.701 0.029 -1.922
Pd -0.013 5.826 -1.992
Pd 1.941 3.863 -1.936
Pd 3.884 5.806 -1.963
Pd 5.816 3.881 -1.979
Pd 7.800 5.819 -1.967
Pd 9.689 3.848 -1.933
Pd 0.069 9.724 -1.899
Pd 1.982 7.807 -1.938
Pd 3.878 9.689 -1.917
Pd 5.846 7.761 -1.979
Pd -0.030 1.911 -1.864
Pd 7.758 9.749 -1.956
Pd 9.722 7.814 -1.984
Pd 1.967 -0.065 -1.865
Pd 0.015 -0.068 0.034
Pd 7.674 0.008 0.039
Pd 9.627 1.893 0.118
Pd -0.047 3.845 0.027
Pd 1.810 5.807 0.004
Pd 1.924 1.899 0.057
Pd 3.808 3.876 0.048
Pd 5.945 5.830 0.010
Pd 7.784 3.939 0.065
Pd 9.770 5.852 -0.034
Pd -0.080 7.814 0.026
Pd 2.202 9.535 0.420
Pd 4.012 7.612 0.051
Pd 5.832 9.687 0.008
Pd 7.835 7.828 -0.036
Pd 9.708 9.786 -0.012
Pd 3.925 -0.025 0.047
Pd 5.735 2.025 0.075
C 4.430 3.715 2.125
H 3.679 3.609 2.905
C 4.835 5.089 1.814
C 3.851 6.206 2.346
H 2.804 5.937 2.045
C 4.089 7.705 2.239
H 5.105 8.120 2.445
C 3.019 8.674 2.048
O 2.530 9.566 2.643
C 6.167 5.320 2.207
H 6.372 6.277 2.727
C 7.068 4.256 2.382
O 7.996 4.183 3.323
C 8.066 5.319 4.149
H 8.605 5.007 5.059
H 8.607 6.131 3.603
H 7.051 5.704 4.444
C 6.714 2.962 1.805
O 7.745 2.013 1.404
C 5.427 2.673 2.168
O 5.079 1.379 2.493
C 3.785 1.235 3.062
H 3.727 1.814 4.010
H 3.004 1.601 2.349
H 3.610 0.169 3.267
H 3.944 6.087 3.441

CELL_PARAMETERS angstrom
 11.6721000000 0.0000000000 0.0000000000
 0.0000000000 11.6721000000 0.0000000000
 0.0000000000 0.0000000000 32.2478728585