#step e_adh e_adh_nonbond
0 -1302.68	-1302.68
100000 -4009.69	-1149.63
200000 -4080.61	-1130.59
300000 -4183.58	-1158.91
400000 -4328.54	-1130.95
500000 -4373.6	-1138.28
600000 -4363.86	-1142.45
700000 -4409.63	-1142.31
800000 -4371.26	-1129.17
900000 -4306.15	-1126.28
1000000 -4423.9	-1121.56
1100000 -4316.49	-1119.87
1200000 -4412.21	-1117.75
1300000 -4364.44	-1087.1
1400000 -4362.54	-1114.64
1500000 -4394.71	-1090.69
1600000 -4480.52	-1073.68
1700000 -4400.71	-1060.03
1800000 -4326.12	-1075.75
1900000 -4439.04	-1085.12
2000000 -4469.21	-1093.21
2100000 -4474.77	-1066.16
2200000 -4421.94	-1089.85
